 0 -0.5600000000000001 -0.5600000000000001 1.5 0
 0.1 -0.5600000000000001 -0.5600000000000001 1.5 0
 0.2 -0.5600000000000001 -0.5600000000000001 1.5 0
 0.3 -0.5600000000000001 -0.5600000000000001 1.5 0
 0.4 -0.5600000000000001 -0.5600000000000001 1.5 0
 0.5 -0.5600000000000001 -0.5600000000000001 1.5 0
 0.6000000000000001 -0.5600000000000001 -0.5600000000000001 1.5 0
 0.7000000000000001 -0.5600000000000001 -0.5600000000000001 1.5 0
 0.8 -0.5600000000000001 -0.5600000000000001 1.5 0
 0.9 -0.5600000000000001 -0.5600000000000001 1.5 0
 1 -0.5600000000000001 -0.5600000000000001 1.5 0
 1.1 -0.5600000000000001 -0.5600000000000001 1.5 0
 1.2 -0.5600000000000001 -0.5600000000000001 1.5 0
 1.3 -0.5600000000000001 -0.5600000000000001 1.5 0
 1.4 -0.5600000000000001 -0.5600000000000001 1.5 0
 1.5 -0.5600000000000001 -0.5600000000000001 1.5 0
 1.6 -0.5600000000000001 -0.5600000000000001 1.5 0
 1.7 -0.5600000000000001 -0.5600000000000001 1.5 0
 1.8 -0.5600000000000001 -0.5600000000000001 1.5 0
 1.9 -0.5600000000000001 -0.5600000000000001 1.5 0
 2 -0.5600000000000001 -0.5600000000000001 1.5 0
 2.1 -0.5600000000000001 -0.5600000000000001 1.5 0
 2.2 -0.5600000000000001 -0.5600000000000001 1.5 0
 2.3 -0.5600000000000001 -0.5600000000000001 1.5 0
 2.4 -0.5600000000000001 -0.5600000000000001 1.5 0
 2.5 -0.5600000000000001 -0.5600000000000001 1.5 0
 2.6 -0.5600000000000001 -0.5600000000000001 1.5 0
 2.7 -0.5600000000000001 -0.5600000000000001 1.5 0
 2.8 -0.5600000000000001 -0.5600000000000001 1.5 0
 2.9 -0.5600000000000001 -0.5600000000000001 1.5 0
 3 -0.5600000000000001 -0.5600000000000001 1.5 0
 3.1 -0.5600000000000001 -0.5600000000000001 1.5 0
 3.2 -0.5600000000000001 -0.5600000000000001 1.5 0
 3.3 -0.5600000000000001 -0.5600000000000001 1.5 0
 3.4 -0.5600000000000001 -0.5600000000000001 1.5 0
 3.5 -0.5600000000000001 -0.5600000000000001 1.5 0
 3.6 -0.5600000000000001 -0.5600000000000001 1.5 0
 3.7 -0.5600000000000001 -0.5600000000000001 1.5 0
 3.8 -0.5600000000000001 -0.5600000000000001 1.5 0
 3.9 -0.5600000000000001 -0.5600000000000001 1.5 0
 4 -0.5600000000000001 -0.5600000000000001 1.5 0
 4.100000000000001 -0.5600000000000001 -0.5600000000000001 1.5 0
 4.2 -0.5600000000000001 -0.5600000000000001 1.5 0
 4.3 -0.5600000000000001 -0.5600000000000001 1.5 0
 4.4 -0.5600000000000001 -0.5600000000000001 1.5 0
 4.5 -0.5600000000000001 -0.5600000000000001 1.5 0
 4.600000000000001 -0.5600000000000001 -0.5600000000000001 1.5 0
 4.7 -0.5600000000000001 -0.5600000000000001 1.5 0
 4.800000000000001 -0.5600000000000001 -0.5600000000000001 1.5 0
 4.9 -0.5600000000000001 -0.5600000000000001 1.5 0
 5 0.5600000000000001 -0.5600000000000001 1.5 0
 5.100000000000001 0.5600000000000001 -0.5600000000000001 1.5 0
 5.2 0.5600000000000001 -0.5600000000000001 1.5 0
 5.300000000000001 0.5600000000000001 -0.5600000000000001 1.5 0
 5.4 0.5600000000000001 -0.5600000000000001 1.5 0
 5.5 0.5600000000000001 -0.5600000000000001 1.5 0
 5.600000000000001 0.5600000000000001 -0.5600000000000001 1.5 0
 5.7 0.5600000000000001 -0.5600000000000001 1.5 0
 5.800000000000001 0.5600000000000001 -0.5600000000000001 1.5 0
 5.9 0.5600000000000001 -0.5600000000000001 1.5 0
 6 0.5600000000000001 -0.5600000000000001 1.5 0
 6.100000000000001 0.5600000000000001 -0.5600000000000001 1.5 0
 6.2 0.5600000000000001 -0.5600000000000001 1.5 0
 6.300000000000001 0.5600000000000001 -0.5600000000000001 1.5 0
 6.4 0.5600000000000001 -0.5600000000000001 1.5 0
 6.5 0.5600000000000001 -0.5600000000000001 1.5 0
 6.600000000000001 0.5600000000000001 -0.5600000000000001 1.5 0
 6.7 0.5600000000000001 -0.5600000000000001 1.5 0
 6.800000000000001 0.5600000000000001 -0.5600000000000001 1.5 0
 6.9 0.5600000000000001 -0.5600000000000001 1.5 0
 7 0.5600000000000001 -0.5600000000000001 1.5 0
 7.100000000000001 0.5600000000000001 -0.5600000000000001 1.5 0
 7.2 0.5600000000000001 -0.5600000000000001 1.5 0
 7.300000000000001 0.5600000000000001 -0.5600000000000001 1.5 0
 7.4 0.5600000000000001 -0.5600000000000001 1.5 0
 7.5 0.5600000000000001 -0.5600000000000001 1.5 0
 7.600000000000001 0.5600000000000001 -0.5600000000000001 1.5 0
 7.7 0.5600000000000001 -0.5600000000000001 1.5 0
 7.800000000000001 0.5600000000000001 -0.5600000000000001 1.5 0
 7.9 0.5600000000000001 -0.5600000000000001 1.5 0
 8 0.5600000000000001 -0.5600000000000001 1.5 0
 8.1 0.5600000000000001 -0.5600000000000001 1.5 0
 8.200000000000001 0.5600000000000001 -0.5600000000000001 1.5 0
 8.300000000000001 0.5600000000000001 -0.5600000000000001 1.5 0
 8.4 0.5600000000000001 -0.5600000000000001 1.5 0
 8.5 0.5600000000000001 -0.5600000000000001 1.5 0
 8.6 0.5600000000000001 -0.5600000000000001 1.5 0
 8.700000000000001 0.5600000000000001 -0.5600000000000001 1.5 0
 8.800000000000001 0.5600000000000001 -0.5600000000000001 1.5 0
 8.9 0.5600000000000001 -0.5600000000000001 1.5 0
 9 0.5600000000000001 -0.5600000000000001 1.5 0
 9.1 0.5600000000000001 -0.5600000000000001 1.5 0
 9.200000000000001 0.5600000000000001 -0.5600000000000001 1.5 0
 9.300000000000001 0.5600000000000001 -0.5600000000000001 1.5 0
 9.4 0.5600000000000001 -0.5600000000000001 1.5 0
 9.5 0.5600000000000001 -0.5600000000000001 1.5 0
 9.600000000000001 0.5600000000000001 -0.5600000000000001 1.5 0
 9.700000000000001 0.5600000000000001 -0.5600000000000001 1.5 0
 9.800000000000001 0.5600000000000001 -0.5600000000000001 1.5 0
 9.9 0.5600000000000001 -0.5600000000000001 1.5 0
 10 0.5600000000000001 0.5600000000000001 1.5 0
 10.1 0.5600000000000001 0.5600000000000001 1.5 0
 10.2 0.5600000000000001 0.5600000000000001 1.5 0
 10.3 0.5600000000000001 0.5600000000000001 1.5 0
 10.4 0.5600000000000001 0.5600000000000001 1.5 0
 10.5 0.5600000000000001 0.5600000000000001 1.5 0
 10.6 0.5600000000000001 0.5600000000000001 1.5 0
 10.7 0.5600000000000001 0.5600000000000001 1.5 0
 10.8 0.5600000000000001 0.5600000000000001 1.5 0
 10.9 0.5600000000000001 0.5600000000000001 1.5 0
 11 0.5600000000000001 0.5600000000000001 1.5 0
 11.1 0.5600000000000001 0.5600000000000001 1.5 0
 11.2 0.5600000000000001 0.5600000000000001 1.5 0
 11.3 0.5600000000000001 0.5600000000000001 1.5 0
 11.4 0.5600000000000001 0.5600000000000001 1.5 0
 11.5 0.5600000000000001 0.5600000000000001 1.5 0
 11.6 0.5600000000000001 0.5600000000000001 1.5 0
 11.7 0.5600000000000001 0.5600000000000001 1.5 0
 11.8 0.5600000000000001 0.5600000000000001 1.5 0
 11.9 0.5600000000000001 0.5600000000000001 1.5 0
 12 0.5600000000000001 0.5600000000000001 1.5 0
 12.1 0.5600000000000001 0.5600000000000001 1.5 0
 12.2 0.5600000000000001 0.5600000000000001 1.5 0
 12.3 0.5600000000000001 0.5600000000000001 1.5 0
 12.4 0.5600000000000001 0.5600000000000001 1.5 0
 12.5 0.5600000000000001 0.5600000000000001 1.5 0
 12.6 0.5600000000000001 0.5600000000000001 1.5 0
 12.7 0.5600000000000001 0.5600000000000001 1.5 0
 12.8 0.5600000000000001 0.5600000000000001 1.5 0
 12.9 0.5600000000000001 0.5600000000000001 1.5 0
 13 0.5600000000000001 0.5600000000000001 1.5 0
 13.1 0.5600000000000001 0.5600000000000001 1.5 0
 13.2 0.5600000000000001 0.5600000000000001 1.5 0
 13.3 0.5600000000000001 0.5600000000000001 1.5 0
 13.4 0.5600000000000001 0.5600000000000001 1.5 0
 13.5 0.5600000000000001 0.5600000000000001 1.5 0
 13.6 0.5600000000000001 0.5600000000000001 1.5 0
 13.7 0.5600000000000001 0.5600000000000001 1.5 0
 13.8 0.5600000000000001 0.5600000000000001 1.5 0
 13.9 0.5600000000000001 0.5600000000000001 1.5 0
 14 0.5600000000000001 0.5600000000000001 1.5 0
 14.1 0.5600000000000001 0.5600000000000001 1.5 0
 14.2 0.5600000000000001 0.5600000000000001 1.5 0
 14.3 0.5600000000000001 0.5600000000000001 1.5 0
 14.4 0.5600000000000001 0.5600000000000001 1.5 0
 14.5 0.5600000000000001 0.5600000000000001 1.5 0
 14.6 0.5600000000000001 0.5600000000000001 1.5 0
 14.7 0.5600000000000001 0.5600000000000001 1.5 0
 14.8 0.5600000000000001 0.5600000000000001 1.5 0
 14.9 0.5600000000000001 0.5600000000000001 1.5 0
 15 -0.5600000000000001 0.5600000000000001 1.5 0
 15.1 -0.5600000000000001 0.5600000000000001 1.5 0
 15.2 -0.5600000000000001 0.5600000000000001 1.5 0
 15.3 -0.5600000000000001 0.5600000000000001 1.5 0
 15.4 -0.5600000000000001 0.5600000000000001 1.5 0
 15.5 -0.5600000000000001 0.5600000000000001 1.5 0
 15.6 -0.5600000000000001 0.5600000000000001 1.5 0
 15.7 -0.5600000000000001 0.5600000000000001 1.5 0
 15.8 -0.5600000000000001 0.5600000000000001 1.5 0
 15.9 -0.5600000000000001 0.5600000000000001 1.5 0
 16 -0.5600000000000001 0.5600000000000001 1.5 0
 16.1 -0.5600000000000001 0.5600000000000001 1.5 0
 16.2 -0.5600000000000001 0.5600000000000001 1.5 0
 16.3 -0.5600000000000001 0.5600000000000001 1.5 0
 16.4 -0.5600000000000001 0.5600000000000001 1.5 0
 16.5 -0.5600000000000001 0.5600000000000001 1.5 0
 16.6 -0.5600000000000001 0.5600000000000001 1.5 0
 16.7 -0.5600000000000001 0.5600000000000001 1.5 0
 16.8 -0.5600000000000001 0.5600000000000001 1.5 0
 16.9 -0.5600000000000001 0.5600000000000001 1.5 0
 17 -0.5600000000000001 0.5600000000000001 1.5 0
 17.1 -0.5600000000000001 0.5600000000000001 1.5 0
 17.2 -0.5600000000000001 0.5600000000000001 1.5 0
 17.3 -0.5600000000000001 0.5600000000000001 1.5 0
 17.4 -0.5600000000000001 0.5600000000000001 1.5 0
 17.5 -0.5600000000000001 0.5600000000000001 1.5 0
 17.6 -0.5600000000000001 0.5600000000000001 1.5 0
 17.7 -0.5600000000000001 0.5600000000000001 1.5 0
 17.8 -0.5600000000000001 0.5600000000000001 1.5 0
 17.9 -0.5600000000000001 0.5600000000000001 1.5 0
 18 -0.5600000000000001 0.5600000000000001 1.5 0
 18.1 -0.5600000000000001 0.5600000000000001 1.5 0
 18.2 -0.5600000000000001 0.5600000000000001 1.5 0
 18.3 -0.5600000000000001 0.5600000000000001 1.5 0
 18.4 -0.5600000000000001 0.5600000000000001 1.5 0
 18.5 -0.5600000000000001 0.5600000000000001 1.5 0
 18.6 -0.5600000000000001 0.5600000000000001 1.5 0
 18.7 -0.5600000000000001 0.5600000000000001 1.5 0
 18.8 -0.5600000000000001 0.5600000000000001 1.5 0
 18.9 -0.5600000000000001 0.5600000000000001 1.5 0
 19 -0.5600000000000001 0.5600000000000001 1.5 0
 19.1 -0.5600000000000001 0.5600000000000001 1.5 0
 19.2 -0.5600000000000001 0.5600000000000001 1.5 0
 19.3 -0.5600000000000001 0.5600000000000001 1.5 0
 19.4 -0.5600000000000001 0.5600000000000001 1.5 0
 19.5 -0.5600000000000001 0.5600000000000001 1.5 0
 19.6 -0.5600000000000001 0.5600000000000001 1.5 0
 19.7 -0.5600000000000001 0.5600000000000001 1.5 0
 19.8 -0.5600000000000001 0.5600000000000001 1.5 0
 19.9 -0.5600000000000001 0.5600000000000001 1.5 0
 20 -0.5600000000000001 -0.5600000000000001 1.5 0
 20.1 -0.5600000000000001 -0.5600000000000001 1.5 0
 20.2 -0.5600000000000001 -0.5600000000000001 1.5 0
 20.3 -0.5600000000000001 -0.5600000000000001 1.5 0
 20.4 -0.5600000000000001 -0.5600000000000001 1.5 0
 20.5 -0.5600000000000001 -0.5600000000000001 1.5 0
 20.6 -0.5600000000000001 -0.5600000000000001 1.5 0
 20.7 -0.5600000000000001 -0.5600000000000001 1.5 0
 20.8 -0.5600000000000001 -0.5600000000000001 1.5 0
 20.9 -0.5600000000000001 -0.5600000000000001 1.5 0
 21 -0.5600000000000001 -0.5600000000000001 1.5 0
 21.1 -0.5600000000000001 -0.5600000000000001 1.5 0
 21.2 -0.5600000000000001 -0.5600000000000001 1.5 0
 21.3 -0.5600000000000001 -0.5600000000000001 1.5 0
 21.4 -0.5600000000000001 -0.5600000000000001 1.5 0
 21.5 -0.5600000000000001 -0.5600000000000001 1.5 0
 21.6 -0.5600000000000001 -0.5600000000000001 1.5 0
 21.7 -0.5600000000000001 -0.5600000000000001 1.5 0
 21.8 -0.5600000000000001 -0.5600000000000001 1.5 0
 21.9 -0.5600000000000001 -0.5600000000000001 1.5 0
 22 -0.5600000000000001 -0.5600000000000001 1.5 0
 22.1 -0.5600000000000001 -0.5600000000000001 1.5 0
 22.2 -0.5600000000000001 -0.5600000000000001 1.5 0
 22.3 -0.5600000000000001 -0.5600000000000001 1.5 0
 22.4 -0.5600000000000001 -0.5600000000000001 1.5 0
 22.5 -0.5600000000000001 -0.5600000000000001 1.5 0
 22.6 -0.5600000000000001 -0.5600000000000001 1.5 0
 22.7 -0.5600000000000001 -0.5600000000000001 1.5 0
 22.8 -0.5600000000000001 -0.5600000000000001 1.5 0
 22.9 -0.5600000000000001 -0.5600000000000001 1.5 0
 23 -0.5600000000000001 -0.5600000000000001 1.5 0
 23.1 -0.5600000000000001 -0.5600000000000001 1.5 0
 23.2 -0.5600000000000001 -0.5600000000000001 1.5 0
 23.3 -0.5600000000000001 -0.5600000000000001 1.5 0
 23.4 -0.5600000000000001 -0.5600000000000001 1.5 0
 23.5 -0.5600000000000001 -0.5600000000000001 1.5 0
 23.6 -0.5600000000000001 -0.5600000000000001 1.5 0
 23.7 -0.5600000000000001 -0.5600000000000001 1.5 0
 23.8 -0.5600000000000001 -0.5600000000000001 1.5 0
 23.9 -0.5600000000000001 -0.5600000000000001 1.5 0
 24 -0.5600000000000001 -0.5600000000000001 1.5 0
 24.1 -0.5600000000000001 -0.5600000000000001 1.5 0
 24.2 -0.5600000000000001 -0.5600000000000001 1.5 0
 24.3 -0.5600000000000001 -0.5600000000000001 1.5 0
 24.4 -0.5600000000000001 -0.5600000000000001 1.5 0
 24.5 -0.5600000000000001 -0.5600000000000001 1.5 0
 24.6 -0.5600000000000001 -0.5600000000000001 1.5 0
 24.7 -0.5600000000000001 -0.5600000000000001 1.5 0
 24.8 -0.5600000000000001 -0.5600000000000001 1.5 0
 24.9 -0.5600000000000001 -0.5600000000000001 1.5 0
 25 0.5600000000000001 -0.5600000000000001 1.5 0
 25.1 0.5600000000000001 -0.5600000000000001 1.5 0
 25.2 0.5600000000000001 -0.5600000000000001 1.5 0
 25.3 0.5600000000000001 -0.5600000000000001 1.5 0
 25.4 0.5600000000000001 -0.5600000000000001 1.5 0
 25.5 0.5600000000000001 -0.5600000000000001 1.5 0
 25.6 0.5600000000000001 -0.5600000000000001 1.5 0
 25.7 0.5600000000000001 -0.5600000000000001 1.5 0
 25.8 0.5600000000000001 -0.5600000000000001 1.5 0
 25.9 0.5600000000000001 -0.5600000000000001 1.5 0
 26 0.5600000000000001 -0.5600000000000001 1.5 0
 26.1 0.5600000000000001 -0.5600000000000001 1.5 0
 26.2 0.5600000000000001 -0.5600000000000001 1.5 0
 26.3 0.5600000000000001 -0.5600000000000001 1.5 0
 26.4 0.5600000000000001 -0.5600000000000001 1.5 0
 26.5 0.5600000000000001 -0.5600000000000001 1.5 0
 26.6 0.5600000000000001 -0.5600000000000001 1.5 0
 26.7 0.5600000000000001 -0.5600000000000001 1.5 0
 26.8 0.5600000000000001 -0.5600000000000001 1.5 0
 26.9 0.5600000000000001 -0.5600000000000001 1.5 0
 27 0.5600000000000001 -0.5600000000000001 1.5 0
 27.1 0.5600000000000001 -0.5600000000000001 1.5 0
 27.2 0.5600000000000001 -0.5600000000000001 1.5 0
 27.3 0.5600000000000001 -0.5600000000000001 1.5 0
 27.4 0.5600000000000001 -0.5600000000000001 1.5 0
 27.5 0.5600000000000001 -0.5600000000000001 1.5 0
 27.6 0.5600000000000001 -0.5600000000000001 1.5 0
 27.7 0.5600000000000001 -0.5600000000000001 1.5 0
 27.8 0.5600000000000001 -0.5600000000000001 1.5 0
 27.9 0.5600000000000001 -0.5600000000000001 1.5 0
 28 0.5600000000000001 -0.5600000000000001 1.5 0
 28.1 0.5600000000000001 -0.5600000000000001 1.5 0
 28.2 0.5600000000000001 -0.5600000000000001 1.5 0
 28.3 0.5600000000000001 -0.5600000000000001 1.5 0
 28.4 0.5600000000000001 -0.5600000000000001 1.5 0
 28.5 0.5600000000000001 -0.5600000000000001 1.5 0
 28.6 0.5600000000000001 -0.5600000000000001 1.5 0
 28.7 0.5600000000000001 -0.5600000000000001 1.5 0
 28.8 0.5600000000000001 -0.5600000000000001 1.5 0
 28.9 0.5600000000000001 -0.5600000000000001 1.5 0
 29 0.5600000000000001 -0.5600000000000001 1.5 0
 29.1 0.5600000000000001 -0.5600000000000001 1.5 0
 29.2 0.5600000000000001 -0.5600000000000001 1.5 0
 29.3 0.5600000000000001 -0.5600000000000001 1.5 0
 29.4 0.5600000000000001 -0.5600000000000001 1.5 0
 29.5 0.5600000000000001 -0.5600000000000001 1.5 0
 29.6 0.5600000000000001 -0.5600000000000001 1.5 0
 29.7 0.5600000000000001 -0.5600000000000001 1.5 0
 29.8 0.5600000000000001 -0.5600000000000001 1.5 0
 29.9 0.5600000000000001 -0.5600000000000001 1.5 0
 30 0.5600000000000001 0.5600000000000001 1.5 0
 30.1 0.5600000000000001 0.5600000000000001 1.5 0
 30.2 0.5600000000000001 0.5600000000000001 1.5 0
 30.3 0.5600000000000001 0.5600000000000001 1.5 0
 30.4 0.5600000000000001 0.5600000000000001 1.5 0
 30.5 0.5600000000000001 0.5600000000000001 1.5 0
 30.6 0.5600000000000001 0.5600000000000001 1.5 0
 30.7 0.5600000000000001 0.5600000000000001 1.5 0
 30.8 0.5600000000000001 0.5600000000000001 1.5 0
 30.9 0.5600000000000001 0.5600000000000001 1.5 0
 31 0.5600000000000001 0.5600000000000001 1.5 0
 31.1 0.5600000000000001 0.5600000000000001 1.5 0
 31.2 0.5600000000000001 0.5600000000000001 1.5 0
 31.3 0.5600000000000001 0.5600000000000001 1.5 0
 31.4 0.5600000000000001 0.5600000000000001 1.5 0
 31.5 0.5600000000000001 0.5600000000000001 1.5 0
 31.6 0.5600000000000001 0.5600000000000001 1.5 0
 31.7 0.5600000000000001 0.5600000000000001 1.5 0
 31.8 0.5600000000000001 0.5600000000000001 1.5 0
 31.9 0.5600000000000001 0.5600000000000001 1.5 0
 32 0.5600000000000001 0.5600000000000001 1.5 0
 32.1 0.5600000000000001 0.5600000000000001 1.5 0
 32.2 0.5600000000000001 0.5600000000000001 1.5 0
 32.3 0.5600000000000001 0.5600000000000001 1.5 0
 32.4 0.5600000000000001 0.5600000000000001 1.5 0
 32.5 0.5600000000000001 0.5600000000000001 1.5 0
 32.6 0.5600000000000001 0.5600000000000001 1.5 0
 32.7 0.5600000000000001 0.5600000000000001 1.5 0
 32.8 0.5600000000000001 0.5600000000000001 1.5 0
 32.9 0.5600000000000001 0.5600000000000001 1.5 0
 33 0.5600000000000001 0.5600000000000001 1.5 0
 33.1 0.5600000000000001 0.5600000000000001 1.5 0
 33.2 0.5600000000000001 0.5600000000000001 1.5 0
 33.3 0.5600000000000001 0.5600000000000001 1.5 0
 33.4 0.5600000000000001 0.5600000000000001 1.5 0
 33.5 0.5600000000000001 0.5600000000000001 1.5 0
 33.6 0.5600000000000001 0.5600000000000001 1.5 0
 33.7 0.5600000000000001 0.5600000000000001 1.5 0
 33.8 0.5600000000000001 0.5600000000000001 1.5 0
 33.9 0.5600000000000001 0.5600000000000001 1.5 0
 34 0.5600000000000001 0.5600000000000001 1.5 0
 34.1 0.5600000000000001 0.5600000000000001 1.5 0
 34.2 0.5600000000000001 0.5600000000000001 1.5 0
 34.3 0.5600000000000001 0.5600000000000001 1.5 0
 34.4 0.5600000000000001 0.5600000000000001 1.5 0
 34.5 0.5600000000000001 0.5600000000000001 1.5 0
 34.6 0.5600000000000001 0.5600000000000001 1.5 0
 34.7 0.5600000000000001 0.5600000000000001 1.5 0
 34.8 0.5600000000000001 0.5600000000000001 1.5 0
 34.9 0.5600000000000001 0.5600000000000001 1.5 0
 35 -0.5600000000000001 0.5600000000000001 1.5 0
 35.1 -0.5600000000000001 0.5600000000000001 1.5 0
 35.2 -0.5600000000000001 0.5600000000000001 1.5 0
 35.3 -0.5600000000000001 0.5600000000000001 1.5 0
 35.4 -0.5600000000000001 0.5600000000000001 1.5 0
 35.5 -0.5600000000000001 0.5600000000000001 1.5 0
 35.6 -0.5600000000000001 0.5600000000000001 1.5 0
 35.7 -0.5600000000000001 0.5600000000000001 1.5 0
 35.8 -0.5600000000000001 0.5600000000000001 1.5 0
 35.9 -0.5600000000000001 0.5600000000000001 1.5 0
 36 -0.5600000000000001 0.5600000000000001 1.5 0
 36.1 -0.5600000000000001 0.5600000000000001 1.5 0
 36.2 -0.5600000000000001 0.5600000000000001 1.5 0
 36.3 -0.5600000000000001 0.5600000000000001 1.5 0
 36.4 -0.5600000000000001 0.5600000000000001 1.5 0
 36.5 -0.5600000000000001 0.5600000000000001 1.5 0
 36.6 -0.5600000000000001 0.5600000000000001 1.5 0
 36.7 -0.5600000000000001 0.5600000000000001 1.5 0
 36.8 -0.5600000000000001 0.5600000000000001 1.5 0
 36.9 -0.5600000000000001 0.5600000000000001 1.5 0
 37 -0.5600000000000001 0.5600000000000001 1.5 0
 37.1 -0.5600000000000001 0.5600000000000001 1.5 0
 37.2 -0.5600000000000001 0.5600000000000001 1.5 0
 37.3 -0.5600000000000001 0.5600000000000001 1.5 0
 37.4 -0.5600000000000001 0.5600000000000001 1.5 0
 37.5 -0.5600000000000001 0.5600000000000001 1.5 0
 37.6 -0.5600000000000001 0.5600000000000001 1.5 0
 37.7 -0.5600000000000001 0.5600000000000001 1.5 0
 37.8 -0.5600000000000001 0.5600000000000001 1.5 0
 37.9 -0.5600000000000001 0.5600000000000001 1.5 0
 38 -0.5600000000000001 0.5600000000000001 1.5 0
 38.1 -0.5600000000000001 0.5600000000000001 1.5 0
 38.2 -0.5600000000000001 0.5600000000000001 1.5 0
 38.3 -0.5600000000000001 0.5600000000000001 1.5 0
 38.40000000000001 -0.5600000000000001 0.5600000000000001 1.5 0
 38.5 -0.5600000000000001 0.5600000000000001 1.5 0
 38.6 -0.5600000000000001 0.5600000000000001 1.5 0
 38.7 -0.5600000000000001 0.5600000000000001 1.5 0
 38.8 -0.5600000000000001 0.5600000000000001 1.5 0
 38.90000000000001 -0.5600000000000001 0.5600000000000001 1.5 0
 39 -0.5600000000000001 0.5600000000000001 1.5 0
 39.1 -0.5600000000000001 0.5600000000000001 1.5 0
 39.2 -0.5600000000000001 0.5600000000000001 1.5 0
 39.3 -0.5600000000000001 0.5600000000000001 1.5 0
 39.40000000000001 -0.5600000000000001 0.5600000000000001 1.5 0
 39.5 -0.5600000000000001 0.5600000000000001 1.5 0
 39.6 -0.5600000000000001 0.5600000000000001 1.5 0
 39.7 -0.5600000000000001 0.5600000000000001 1.5 0
 39.8 -0.5600000000000001 0.5600000000000001 1.5 0
 39.90000000000001 -0.5600000000000001 0.5600000000000001 1.5 0
 40 -0.5600000000000001 -0.5600000000000001 1.5 0
 40.1 -0.5600000000000001 -0.5600000000000001 1.5 0
 40.2 -0.5600000000000001 -0.5600000000000001 1.5 0
 40.3 -0.5600000000000001 -0.5600000000000001 1.5 0
 40.40000000000001 -0.5600000000000001 -0.5600000000000001 1.5 0
 40.5 -0.5600000000000001 -0.5600000000000001 1.5 0
 40.6 -0.5600000000000001 -0.5600000000000001 1.5 0
 40.7 -0.5600000000000001 -0.5600000000000001 1.5 0
 40.8 -0.5600000000000001 -0.5600000000000001 1.5 0
 40.90000000000001 -0.5600000000000001 -0.5600000000000001 1.5 0
 41 -0.5600000000000001 -0.5600000000000001 1.5 0
 41.1 -0.5600000000000001 -0.5600000000000001 1.5 0
 41.2 -0.5600000000000001 -0.5600000000000001 1.5 0
 41.3 -0.5600000000000001 -0.5600000000000001 1.5 0
 41.40000000000001 -0.5600000000000001 -0.5600000000000001 1.5 0
 41.5 -0.5600000000000001 -0.5600000000000001 1.5 0
 41.6 -0.5600000000000001 -0.5600000000000001 1.5 0
 41.7 -0.5600000000000001 -0.5600000000000001 1.5 0
 41.8 -0.5600000000000001 -0.5600000000000001 1.5 0
 41.90000000000001 -0.5600000000000001 -0.5600000000000001 1.5 0
 42 -0.5600000000000001 -0.5600000000000001 1.5 0
 42.1 -0.5600000000000001 -0.5600000000000001 1.5 0
 42.2 -0.5600000000000001 -0.5600000000000001 1.5 0
 42.3 -0.5600000000000001 -0.5600000000000001 1.5 0
 42.40000000000001 -0.5600000000000001 -0.5600000000000001 1.5 0
 42.5 -0.5600000000000001 -0.5600000000000001 1.5 0
 42.6 -0.5600000000000001 -0.5600000000000001 1.5 0
 42.7 -0.5600000000000001 -0.5600000000000001 1.5 0
 42.8 -0.5600000000000001 -0.5600000000000001 1.5 0
 42.90000000000001 -0.5600000000000001 -0.5600000000000001 1.5 0
 43 -0.5600000000000001 -0.5600000000000001 1.5 0
 43.1 -0.5600000000000001 -0.5600000000000001 1.5 0
 43.2 -0.5600000000000001 -0.5600000000000001 1.5 0
 43.3 -0.5600000000000001 -0.5600000000000001 1.5 0
 43.40000000000001 -0.5600000000000001 -0.5600000000000001 1.5 0
 43.5 -0.5600000000000001 -0.5600000000000001 1.5 0
 43.6 -0.5600000000000001 -0.5600000000000001 1.5 0
 43.7 -0.5600000000000001 -0.5600000000000001 1.5 0
 43.8 -0.5600000000000001 -0.5600000000000001 1.5 0
 43.90000000000001 -0.5600000000000001 -0.5600000000000001 1.5 0
 44 -0.5600000000000001 -0.5600000000000001 1.5 0
 44.1 -0.5600000000000001 -0.5600000000000001 1.5 0
 44.2 -0.5600000000000001 -0.5600000000000001 1.5 0
 44.3 -0.5600000000000001 -0.5600000000000001 1.5 0
 44.40000000000001 -0.5600000000000001 -0.5600000000000001 1.5 0
 44.5 -0.5600000000000001 -0.5600000000000001 1.5 0
 44.6 -0.5600000000000001 -0.5600000000000001 1.5 0
 44.7 -0.5600000000000001 -0.5600000000000001 1.5 0
 44.8 -0.5600000000000001 -0.5600000000000001 1.5 0
 44.90000000000001 -0.5600000000000001 -0.5600000000000001 1.5 0
 45 0.5600000000000001 -0.5600000000000001 1.5 0
 45.1 0.5600000000000001 -0.5600000000000001 1.5 0
 45.2 0.5600000000000001 -0.5600000000000001 1.5 0
 45.3 0.5600000000000001 -0.5600000000000001 1.5 0
 45.40000000000001 0.5600000000000001 -0.5600000000000001 1.5 0
 45.5 0.5600000000000001 -0.5600000000000001 1.5 0
 45.6 0.5600000000000001 -0.5600000000000001 1.5 0
 45.7 0.5600000000000001 -0.5600000000000001 1.5 0
 45.8 0.5600000000000001 -0.5600000000000001 1.5 0
 45.90000000000001 0.5600000000000001 -0.5600000000000001 1.5 0
 46 0.5600000000000001 -0.5600000000000001 1.5 0
 46.1 0.5600000000000001 -0.5600000000000001 1.5 0
 46.2 0.5600000000000001 -0.5600000000000001 1.5 0
 46.3 0.5600000000000001 -0.5600000000000001 1.5 0
 46.40000000000001 0.5600000000000001 -0.5600000000000001 1.5 0
 46.5 0.5600000000000001 -0.5600000000000001 1.5 0
 46.6 0.5600000000000001 -0.5600000000000001 1.5 0
 46.7 0.5600000000000001 -0.5600000000000001 1.5 0
 46.8 0.5600000000000001 -0.5600000000000001 1.5 0
 46.90000000000001 0.5600000000000001 -0.5600000000000001 1.5 0
 47 0.5600000000000001 -0.5600000000000001 1.5 0
 47.1 0.5600000000000001 -0.5600000000000001 1.5 0
 47.2 0.5600000000000001 -0.5600000000000001 1.5 0
 47.3 0.5600000000000001 -0.5600000000000001 1.5 0
 47.40000000000001 0.5600000000000001 -0.5600000000000001 1.5 0
 47.5 0.5600000000000001 -0.5600000000000001 1.5 0
 47.6 0.5600000000000001 -0.5600000000000001 1.5 0
 47.7 0.5600000000000001 -0.5600000000000001 1.5 0
 47.8 0.5600000000000001 -0.5600000000000001 1.5 0
 47.90000000000001 0.5600000000000001 -0.5600000000000001 1.5 0
 48 0.5600000000000001 -0.5600000000000001 1.5 0
 48.1 0.5600000000000001 -0.5600000000000001 1.5 0
 48.2 0.5600000000000001 -0.5600000000000001 1.5 0
 48.3 0.5600000000000001 -0.5600000000000001 1.5 0
 48.40000000000001 0.5600000000000001 -0.5600000000000001 1.5 0
 48.5 0.5600000000000001 -0.5600000000000001 1.5 0
 48.6 0.5600000000000001 -0.5600000000000001 1.5 0
 48.7 0.5600000000000001 -0.5600000000000001 1.5 0
 48.8 0.5600000000000001 -0.5600000000000001 1.5 0
 48.90000000000001 0.5600000000000001 -0.5600000000000001 1.5 0
 49 0.5600000000000001 -0.5600000000000001 1.5 0
 49.1 0.5600000000000001 -0.5600000000000001 1.5 0
 49.2 0.5600000000000001 -0.5600000000000001 1.5 0
 49.3 0.5600000000000001 -0.5600000000000001 1.5 0
 49.40000000000001 0.5600000000000001 -0.5600000000000001 1.5 0
 49.5 0.5600000000000001 -0.5600000000000001 1.5 0
 49.6 0.5600000000000001 -0.5600000000000001 1.5 0
 49.7 0.5600000000000001 -0.5600000000000001 1.5 0
 49.8 0.5600000000000001 -0.5600000000000001 1.5 0
 49.90000000000001 0.5600000000000001 -0.5600000000000001 1.5 0
 50 0.5600000000000001 0.5600000000000001 1.5 0
 50.1 0.5600000000000001 0.5600000000000001 1.5 0
 50.2 0.5600000000000001 0.5600000000000001 1.5 0
 50.3 0.5600000000000001 0.5600000000000001 1.5 0
 50.40000000000001 0.5600000000000001 0.5600000000000001 1.5 0
 50.5 0.5600000000000001 0.5600000000000001 1.5 0
 50.6 0.5600000000000001 0.5600000000000001 1.5 0
 50.7 0.5600000000000001 0.5600000000000001 1.5 0
 50.8 0.5600000000000001 0.5600000000000001 1.5 0
 50.90000000000001 0.5600000000000001 0.5600000000000001 1.5 0
 51 0.5600000000000001 0.5600000000000001 1.5 0
 51.1 0.5600000000000001 0.5600000000000001 1.5 0
 51.2 0.5600000000000001 0.5600000000000001 1.5 0
 51.3 0.5600000000000001 0.5600000000000001 1.5 0
 51.40000000000001 0.5600000000000001 0.5600000000000001 1.5 0
 51.5 0.5600000000000001 0.5600000000000001 1.5 0
 51.6 0.5600000000000001 0.5600000000000001 1.5 0
 51.7 0.5600000000000001 0.5600000000000001 1.5 0
 51.8 0.5600000000000001 0.5600000000000001 1.5 0
 51.90000000000001 0.5600000000000001 0.5600000000000001 1.5 0
 52 0.5600000000000001 0.5600000000000001 1.5 0
 52.1 0.5600000000000001 0.5600000000000001 1.5 0
 52.2 0.5600000000000001 0.5600000000000001 1.5 0
 52.3 0.5600000000000001 0.5600000000000001 1.5 0
 52.40000000000001 0.5600000000000001 0.5600000000000001 1.5 0
 52.5 0.5600000000000001 0.5600000000000001 1.5 0
 52.6 0.5600000000000001 0.5600000000000001 1.5 0
 52.7 0.5600000000000001 0.5600000000000001 1.5 0
 52.8 0.5600000000000001 0.5600000000000001 1.5 0
 52.90000000000001 0.5600000000000001 0.5600000000000001 1.5 0
 53 0.5600000000000001 0.5600000000000001 1.5 0
 53.1 0.5600000000000001 0.5600000000000001 1.5 0
 53.2 0.5600000000000001 0.5600000000000001 1.5 0
 53.3 0.5600000000000001 0.5600000000000001 1.5 0
 53.40000000000001 0.5600000000000001 0.5600000000000001 1.5 0
 53.5 0.5600000000000001 0.5600000000000001 1.5 0
 53.6 0.5600000000000001 0.5600000000000001 1.5 0
 53.7 0.5600000000000001 0.5600000000000001 1.5 0
 53.8 0.5600000000000001 0.5600000000000001 1.5 0
 53.90000000000001 0.5600000000000001 0.5600000000000001 1.5 0
 54 0.5600000000000001 0.5600000000000001 1.5 0
 54.1 0.5600000000000001 0.5600000000000001 1.5 0
 54.2 0.5600000000000001 0.5600000000000001 1.5 0
 54.3 0.5600000000000001 0.5600000000000001 1.5 0
 54.40000000000001 0.5600000000000001 0.5600000000000001 1.5 0
 54.5 0.5600000000000001 0.5600000000000001 1.5 0
 54.6 0.5600000000000001 0.5600000000000001 1.5 0
 54.7 0.5600000000000001 0.5600000000000001 1.5 0
 54.8 0.5600000000000001 0.5600000000000001 1.5 0
 54.90000000000001 0.5600000000000001 0.5600000000000001 1.5 0
 55 -0.5600000000000001 0.5600000000000001 1.5 0
 55.1 -0.5600000000000001 0.5600000000000001 1.5 0
 55.2 -0.5600000000000001 0.5600000000000001 1.5 0
 55.3 -0.5600000000000001 0.5600000000000001 1.5 0
 55.40000000000001 -0.5600000000000001 0.5600000000000001 1.5 0
 55.5 -0.5600000000000001 0.5600000000000001 1.5 0
 55.6 -0.5600000000000001 0.5600000000000001 1.5 0
 55.7 -0.5600000000000001 0.5600000000000001 1.5 0
 55.8 -0.5600000000000001 0.5600000000000001 1.5 0
 55.90000000000001 -0.5600000000000001 0.5600000000000001 1.5 0
 56 -0.5600000000000001 0.5600000000000001 1.5 0
 56.1 -0.5600000000000001 0.5600000000000001 1.5 0
 56.2 -0.5600000000000001 0.5600000000000001 1.5 0
 56.3 -0.5600000000000001 0.5600000000000001 1.5 0
 56.40000000000001 -0.5600000000000001 0.5600000000000001 1.5 0
 56.5 -0.5600000000000001 0.5600000000000001 1.5 0
 56.6 -0.5600000000000001 0.5600000000000001 1.5 0
 56.7 -0.5600000000000001 0.5600000000000001 1.5 0
 56.8 -0.5600000000000001 0.5600000000000001 1.5 0
 56.90000000000001 -0.5600000000000001 0.5600000000000001 1.5 0
 57 -0.5600000000000001 0.5600000000000001 1.5 0
 57.1 -0.5600000000000001 0.5600000000000001 1.5 0
 57.2 -0.5600000000000001 0.5600000000000001 1.5 0
 57.3 -0.5600000000000001 0.5600000000000001 1.5 0
 57.40000000000001 -0.5600000000000001 0.5600000000000001 1.5 0
 57.5 -0.5600000000000001 0.5600000000000001 1.5 0
 57.6 -0.5600000000000001 0.5600000000000001 1.5 0
 57.7 -0.5600000000000001 0.5600000000000001 1.5 0
 57.8 -0.5600000000000001 0.5600000000000001 1.5 0
 57.90000000000001 -0.5600000000000001 0.5600000000000001 1.5 0
 58 -0.5600000000000001 0.5600000000000001 1.5 0
 58.1 -0.5600000000000001 0.5600000000000001 1.5 0
 58.2 -0.5600000000000001 0.5600000000000001 1.5 0
 58.3 -0.5600000000000001 0.5600000000000001 1.5 0
 58.40000000000001 -0.5600000000000001 0.5600000000000001 1.5 0
 58.5 -0.5600000000000001 0.5600000000000001 1.5 0
 58.6 -0.5600000000000001 0.5600000000000001 1.5 0
 58.7 -0.5600000000000001 0.5600000000000001 1.5 0
 58.8 -0.5600000000000001 0.5600000000000001 1.5 0
 58.90000000000001 -0.5600000000000001 0.5600000000000001 1.5 0
 59 -0.5600000000000001 0.5600000000000001 1.5 0
 59.1 -0.5600000000000001 0.5600000000000001 1.5 0
 59.2 -0.5600000000000001 0.5600000000000001 1.5 0
 59.3 -0.5600000000000001 0.5600000000000001 1.5 0
 59.40000000000001 -0.5600000000000001 0.5600000000000001 1.5 0
 59.5 -0.5600000000000001 0.5600000000000001 1.5 0
 59.6 -0.5600000000000001 0.5600000000000001 1.5 0
 59.7 -0.5600000000000001 0.5600000000000001 1.5 0
 59.8 -0.5600000000000001 0.5600000000000001 1.5 0
 59.90000000000001 -0.5600000000000001 0.5600000000000001 1.5 0
 60 -0.5600000000000001 -0.5600000000000001 1.5 0
 60.1 -0.5600000000000001 -0.5600000000000001 1.5 0
 60.2 -0.5600000000000001 -0.5600000000000001 1.5 0
 60.3 -0.5600000000000001 -0.5600000000000001 1.5 0
 60.40000000000001 -0.5600000000000001 -0.5600000000000001 1.5 0
 60.5 -0.5600000000000001 -0.5600000000000001 1.5 0
 60.6 -0.5600000000000001 -0.5600000000000001 1.5 0
 60.7 -0.5600000000000001 -0.5600000000000001 1.5 0
 60.8 -0.5600000000000001 -0.5600000000000001 1.5 0
 60.90000000000001 -0.5600000000000001 -0.5600000000000001 1.5 0
 61 -0.5600000000000001 -0.5600000000000001 1.5 0
 61.1 -0.5600000000000001 -0.5600000000000001 1.5 0
 61.2 -0.5600000000000001 -0.5600000000000001 1.5 0
 61.3 -0.5600000000000001 -0.5600000000000001 1.5 0
 61.40000000000001 -0.5600000000000001 -0.5600000000000001 1.5 0
 61.5 -0.5600000000000001 -0.5600000000000001 1.5 0
 61.6 -0.5600000000000001 -0.5600000000000001 1.5 0
 61.7 -0.5600000000000001 -0.5600000000000001 1.5 0
 61.8 -0.5600000000000001 -0.5600000000000001 1.5 0
 61.90000000000001 -0.5600000000000001 -0.5600000000000001 1.5 0
 62 -0.5600000000000001 -0.5600000000000001 1.5 0
 62.1 -0.5600000000000001 -0.5600000000000001 1.5 0
 62.2 -0.5600000000000001 -0.5600000000000001 1.5 0
 62.3 -0.5600000000000001 -0.5600000000000001 1.5 0
 62.40000000000001 -0.5600000000000001 -0.5600000000000001 1.5 0
 62.5 -0.5600000000000001 -0.5600000000000001 1.5 0
 62.6 -0.5600000000000001 -0.5600000000000001 1.5 0
 62.7 -0.5600000000000001 -0.5600000000000001 1.5 0
 62.8 -0.5600000000000001 -0.5600000000000001 1.5 0
 62.90000000000001 -0.5600000000000001 -0.5600000000000001 1.5 0
 63 -0.5600000000000001 -0.5600000000000001 1.5 0
 63.1 -0.5600000000000001 -0.5600000000000001 1.5 0
 63.2 -0.5600000000000001 -0.5600000000000001 1.5 0
 63.3 -0.5600000000000001 -0.5600000000000001 1.5 0
 63.40000000000001 -0.5600000000000001 -0.5600000000000001 1.5 0
 63.5 -0.5600000000000001 -0.5600000000000001 1.5 0
 63.6 -0.5600000000000001 -0.5600000000000001 1.5 0
 63.7 -0.5600000000000001 -0.5600000000000001 1.5 0
 63.8 -0.5600000000000001 -0.5600000000000001 1.5 0
 63.90000000000001 -0.5600000000000001 -0.5600000000000001 1.5 0
 64 -0.5600000000000001 -0.5600000000000001 1.5 0
 64.10000000000001 -0.5600000000000001 -0.5600000000000001 1.5 0
 64.2 -0.5600000000000001 -0.5600000000000001 1.5 0
 64.3 -0.5600000000000001 -0.5600000000000001 1.5 0
 64.40000000000001 -0.5600000000000001 -0.5600000000000001 1.5 0
 64.5 -0.5600000000000001 -0.5600000000000001 1.5 0
 64.60000000000001 -0.5600000000000001 -0.5600000000000001 1.5 0
 64.7 -0.5600000000000001 -0.5600000000000001 1.5 0
 64.8 -0.5600000000000001 -0.5600000000000001 1.5 0
 64.90000000000001 -0.5600000000000001 -0.5600000000000001 1.5 0
 65 0 0 1.5 0
 65.10000000000001 0 0 1.5 0
 65.2 0 0 1.5 0
 65.3 0 0 1.5 0
 65.40000000000001 0 0 1.5 0
 65.5 0 0 1.5 0
 65.60000000000001 0 0 1.5 0
 65.7 0 0 1.5 0
 65.8 0 0 1.5 0
 65.90000000000001 0 0 1.5 0
 66 0 0 1.5 0
 66.10000000000001 0 0 1.5 0
 66.2 0 0 1.5 0
 66.3 0 0 1.5 0
 66.40000000000001 0 0 1.5 0
 66.5 0 0 1.5 0
 66.60000000000001 0 0 1.5 0
 66.7 0 0 1.5 0
 66.8 0 0 1.5 0
 66.90000000000001 0 0 1.5 0
 67 0 0 1.5 0
 67.10000000000001 0 0 1.5 0
 67.2 0 0 1.5 0
 67.3 0 0 1.5 0
 67.40000000000001 0 0 1.5 0
 67.5 0 0 1.5 0
 67.60000000000001 0 0 1.5 0
 67.7 0 0 1.5 0
 67.8 0 0 1.5 0
 67.90000000000001 0 0 1.5 0
 68 0 0 1.5 0
 68.10000000000001 0 0 1.5 0
 68.2 0 0 1.5 0
 68.3 0 0 1.5 0
 68.40000000000001 0 0 1.5 0
 68.5 0 0 1.5 0
 68.60000000000001 0 0 1.5 0
 68.7 0 0 1.5 0
 68.8 0 0 1.5 0
 68.90000000000001 0 0 1.5 0
 69 0 0 1.5 0
 69.10000000000001 0 0 1.5 0
 69.2 0 0 1.5 0
 69.3 0 0 1.5 0
 69.40000000000001 0 0 1.5 0
 69.5 0 0 1.5 0
 69.60000000000001 0 0 1.5 0
 69.7 0 0 1.5 0
 69.8 0 0 1.5 0
 69.90000000000001 0 0 1.5 0
 70 0 0 1.5 0
 70.10000000000001 0 0 1.5 0
 70.2 0 0 1.5 0
 70.3 0 0 1.5 0
 70.40000000000001 0 0 1.5 0
 70.5 0 0 1.5 0
 70.60000000000001 0 0 1.5 0
 70.7 0 0 1.5 0
 70.8 0 0 1.5 0
 70.90000000000001 0 0 1.5 0
 71 0 0 1.5 0
 71.10000000000001 0 0 1.5 0
 71.2 0 0 1.5 0
 71.3 0 0 1.5 0
 71.40000000000001 0 0 1.5 0
 71.5 0 0 1.5 0
 71.60000000000001 0 0 1.5 0
 71.7 0 0 1.5 0
 71.8 0 0 1.5 0
 71.90000000000001 0 0 1.5 0
 72 0 0 1.5 0
 72.10000000000001 0 0 1.5 0
 72.2 0 0 1.5 0
 72.3 0 0 1.5 0
 72.40000000000001 0 0 1.5 0
 72.5 0 0 1.5 0
 72.60000000000001 0 0 1.5 0
 72.7 0 0 1.5 0
 72.8 0 0 1.5 0
 72.90000000000001 0 0 1.5 0
 73 0 0 1.5 0
 73.10000000000001 0 0 1.5 0
 73.2 0 0 1.5 0
 73.3 0 0 1.5 0
 73.40000000000001 0 0 1.5 0
 73.5 0 0 1.5 0
 73.60000000000001 0 0 1.5 0
 73.7 0 0 1.5 0
 73.8 0 0 1.5 0
 73.90000000000001 0 0 1.5 0
 74 0 0 1.5 0
 74.10000000000001 0 0 1.5 0
 74.2 0 0 1.5 0
 74.3 0 0 1.5 0
 74.40000000000001 0 0 1.5 0
 74.5 0 0 1.5 0
 74.60000000000001 0 0 1.5 0
 74.7 0 0 1.5 0
 74.8 0 0 1.5 0
 74.90000000000001 0 0 1.5 0
 75 0 0 1.5 0
 75.10000000000001 0 0 1.5 0
 75.2 0 0 1.5 0
 75.3 0 0 1.5 0
 75.40000000000001 0 0 1.5 0
 75.5 0 0 1.5 0
 75.60000000000001 0 0 1.5 0
 75.7 0 0 1.5 0
 75.8 0 0 1.5 0
 75.90000000000001 0 0 1.5 0
 76 0 0 1.5 0
 76.10000000000001 0 0 1.5 0
 76.2 0 0 1.5 0
 76.3 0 0 1.5 0
 76.40000000000001 0 0 1.5 0
 76.5 0 0 1.5 0
 76.60000000000001 0 0 1.5 0
 76.7 0 0 1.5 0
 76.80000000000001 0 0 1.5 0
 76.90000000000001 0 0 1.5 0
 77 0 0 1.5 0
 77.10000000000001 0 0 1.5 0
 77.2 0 0 1.5 0
 77.30000000000001 0 0 1.5 0
 77.40000000000001 0 0 1.5 0
 77.5 0 0 1.5 0
 77.60000000000001 0 0 1.5 0
 77.7 0 0 1.5 0
 77.80000000000001 0 0 1.5 0
 77.90000000000001 0 0 1.5 0
 78 0 0 1.5 0
 78.10000000000001 0 0 1.5 0
 78.2 0 0 1.5 0
 78.30000000000001 0 0 1.5 0
 78.40000000000001 0 0 1.5 0
 78.5 0 0 1.5 0
 78.60000000000001 0 0 1.5 0
 78.7 0 0 1.5 0
 78.80000000000001 0 0 1.5 0
 78.90000000000001 0 0 1.5 0
 79 0 0 1.5 0
 79.10000000000001 0 0 1.5 0
 79.2 0 0 1.5 0
 79.30000000000001 0 0 1.5 0
 79.40000000000001 0 0 1.5 0
 79.5 0 0 1.5 0
 79.60000000000001 0 0 1.5 0
 79.7 0 0 1.5 0
 79.80000000000001 0 0 1.5 0
 79.90000000000001 0 0 1.5 0
 80 0 0 1.5 0
 80.10000000000001 0 0 1.5 0
 80.2 0 0 1.5 0
 80.30000000000001 0 0 1.5 0
 80.40000000000001 0 0 1.5 0
 80.5 0 0 1.5 0
 80.60000000000001 0 0 1.5 0
 80.7 0 0 1.5 0
 80.80000000000001 0 0 1.5 0
 80.90000000000001 0 0 1.5 0
 81 0 0 1.5 0
 81.10000000000001 0 0 1.5 0
 81.2 0 0 1.5 0
 81.30000000000001 0 0 1.5 0
 81.40000000000001 0 0 1.5 0
 81.5 0 0 1.5 0
 81.60000000000001 0 0 1.5 0
 81.7 0 0 1.5 0
 81.80000000000001 0 0 1.5 0
 81.90000000000001 0 0 1.5 0
 82 0 0 1.5 0
 82.10000000000001 0 0 1.5 0
 82.2 0 0 1.5 0
 82.30000000000001 0 0 1.5 0
 82.40000000000001 0 0 1.5 0
 82.5 0 0 1.5 0
 82.60000000000001 0 0 1.5 0
 82.7 0 0 1.5 0
 82.80000000000001 0 0 1.5 0
 82.90000000000001 0 0 1.5 0
 83 0 0 1.5 0
 83.10000000000001 0 0 1.5 0
 83.2 0 0 1.5 0
 83.30000000000001 0 0 1.5 0
 83.40000000000001 0 0 1.5 0
 83.5 0 0 1.5 0
 83.60000000000001 0 0 1.5 0
 83.7 0 0 1.5 0
 83.80000000000001 0 0 1.5 0
 83.90000000000001 0 0 1.5 0
 84 0 0 1.5 0
 84.10000000000001 0 0 1.5 0
 84.2 0 0 1.5 0
 84.30000000000001 0 0 1.5 0
 84.40000000000001 0 0 1.5 0
 84.5 0 0 1.5 0
 84.60000000000001 0 0 1.5 0
 84.7 0 0 1.5 0
 84.80000000000001 0 0 1.5 0
 84.90000000000001 0 0 1.5 0
 85 0 0 1.5 0
 85.10000000000001 0 0 1.5 0
 85.2 0 0 1.5 0
 85.30000000000001 0 0 1.5 0
 85.40000000000001 0 0 1.5 0
 85.5 0 0 1.5 0
 85.60000000000001 0 0 1.5 0
 85.7 0 0 1.5 0
 85.80000000000001 0 0 1.5 0
 85.90000000000001 0 0 1.5 0
 86 0 0 1.5 0
 86.10000000000001 0 0 1.5 0
 86.2 0 0 1.5 0
 86.30000000000001 0 0 1.5 0
 86.40000000000001 0 0 1.5 0
 86.5 0 0 1.5 0
 86.60000000000001 0 0 1.5 0
 86.7 0 0 1.5 0
 86.80000000000001 0 0 1.5 0
 86.90000000000001 0 0 1.5 0
 87 0 0 1.5 0
 87.10000000000001 0 0 1.5 0
 87.2 0 0 1.5 0
 87.30000000000001 0 0 1.5 0
 87.40000000000001 0 0 1.5 0
 87.5 0 0 1.5 0
 87.60000000000001 0 0 1.5 0
 87.7 0 0 1.5 0
 87.80000000000001 0 0 1.5 0
 87.90000000000001 0 0 1.5 0
 88 0 0 1.5 0
 88.10000000000001 0 0 1.5 0
 88.2 0 0 1.5 0
 88.30000000000001 0 0 1.5 0
 88.40000000000001 0 0 1.5 0
 88.5 0 0 1.5 0
 88.60000000000001 0 0 1.5 0
 88.7 0 0 1.5 0
 88.80000000000001 0 0 1.5 0
 88.90000000000001 0 0 1.5 0
 89 0 0 1.5 0
 89.10000000000001 0 0 1.5 0
 89.2 0 0 1.5 0
 89.30000000000001 0 0 1.5 0
 89.40000000000001 0 0 1.5 0
 89.5 0 0 1.5 0
 89.60000000000001 0 0 1.5 0
 89.7 0 0 1.5 0
 89.80000000000001 0 0 1.5 0
 89.90000000000001 0 0 1.5 0
 90 0 0 1.5 0
 90.10000000000001 0 0 1.5 0
 90.2 0 0 1.5 0
 90.30000000000001 0 0 1.5 0
 90.40000000000001 0 0 1.5 0
 90.5 0 0 1.5 0
 90.60000000000001 0 0 1.5 0
 90.7 0 0 1.5 0
 90.80000000000001 0 0 1.5 0
 90.90000000000001 0 0 1.5 0
 91 0 0 1.5 0
 91.10000000000001 0 0 1.5 0
 91.2 0 0 1.5 0
 91.30000000000001 0 0 1.5 0
 91.40000000000001 0 0 1.5 0
 91.5 0 0 1.5 0
 91.60000000000001 0 0 1.5 0
 91.7 0 0 1.5 0
 91.80000000000001 0 0 1.5 0
 91.90000000000001 0 0 1.5 0
 92 0 0 1.5 0
 92.10000000000001 0 0 1.5 0
 92.2 0 0 1.5 0
 92.30000000000001 0 0 1.5 0
 92.40000000000001 0 0 1.5 0
 92.5 0 0 1.5 0
 92.60000000000001 0 0 1.5 0
 92.7 0 0 1.5 0
 92.80000000000001 0 0 1.5 0
 92.90000000000001 0 0 1.5 0
 93 0 0 1.5 0
 93.10000000000001 0 0 1.5 0
 93.2 0 0 1.5 0
 93.30000000000001 0 0 1.5 0
 93.40000000000001 0 0 1.5 0
 93.5 0 0 1.5 0
 93.60000000000001 0 0 1.5 0
 93.7 0 0 1.5 0
 93.80000000000001 0 0 1.5 0
 93.90000000000001 0 0 1.5 0
 94 0 0 1.5 0
 94.10000000000001 0 0 1.5 0
 94.2 0 0 1.5 0
 94.30000000000001 0 0 1.5 0
 94.40000000000001 0 0 1.5 0
 94.5 0 0 1.5 0
 94.60000000000001 0 0 1.5 0
 94.7 0 0 1.5 0
 94.80000000000001 0 0 1.5 0
 94.90000000000001 0 0 1.5 0
 95 0 0 1.5 0
 95.10000000000001 0 0 1.5 0
 95.2 0 0 1.5 0
 95.30000000000001 0 0 1.5 0
 95.40000000000001 0 0 1.5 0
 95.5 0 0 1.5 0
 95.60000000000001 0 0 1.5 0
 95.7 0 0 1.5 0
 95.80000000000001 0 0 1.5 0
 95.90000000000001 0 0 1.5 0
 96 0 0 1.5 0
 96.10000000000001 0 0 1.5 0
 96.2 0 0 1.5 0
 96.30000000000001 0 0 1.5 0
 96.40000000000001 0 0 1.5 0
 96.5 0 0 1.5 0
 96.60000000000001 0 0 1.5 0
 96.7 0 0 1.5 0
 96.80000000000001 0 0 1.5 0
 96.90000000000001 0 0 1.5 0
 97 0 0 1.5 0
 97.10000000000001 0 0 1.5 0
 97.2 0 0 1.5 0
 97.30000000000001 0 0 1.5 0
 97.40000000000001 0 0 1.5 0
 97.5 0 0 1.5 0
 97.60000000000001 0 0 1.5 0
 97.7 0 0 1.5 0
 97.80000000000001 0 0 1.5 0
 97.90000000000001 0 0 1.5 0
 98 0 0 1.5 0
 98.10000000000001 0 0 1.5 0
 98.2 0 0 1.5 0
 98.30000000000001 0 0 1.5 0
 98.40000000000001 0 0 1.5 0
 98.5 0 0 1.5 0
 98.60000000000001 0 0 1.5 0
 98.7 0 0 1.5 0
 98.80000000000001 0 0 1.5 0
 98.90000000000001 0 0 1.5 0
 99 0 0 1.5 0
 99.10000000000001 0 0 1.5 0
 99.2 0 0 1.5 0
 99.30000000000001 0 0 1.5 0
 99.40000000000001 0 0 1.5 0
 99.5 0 0 1.5 0
 99.60000000000001 0 0 1.5 0
 99.7 0 0 1.5 0
 99.80000000000001 0 0 1.5 0
 99.90000000000001 0 0 1.5 0
 100 0 0 1.5 0
 100.1 0 0 1.5 0
 100.2 0 0 1.5 0
 100.3 0 0 1.5 0
 100.4 0 0 1.5 0
 100.5 0 0 1.5 0
 100.6 0 0 1.5 0
 100.7 0 0 1.5 0
 100.8 0 0 1.5 0
 100.9 0 0 1.5 0
 101 0 0 1.5 0
 101.1 0 0 1.5 0
 101.2 0 0 1.5 0
 101.3 0 0 1.5 0
 101.4 0 0 1.5 0
 101.5 0 0 1.5 0
 101.6 0 0 1.5 0
 101.7 0 0 1.5 0
 101.8 0 0 1.5 0
 101.9 0 0 1.5 0
 102 0 0 1.5 0
 102.1 0 0 1.5 0
 102.2 0 0 1.5 0
 102.3 0 0 1.5 0
 102.4 0 0 1.5 0
 102.5 0 0 1.5 0
 102.6 0 0 1.5 0
 102.7 0 0 1.5 0
 102.8 0 0 1.5 0
 102.9 0 0 1.5 0
 103 0 0 1.5 0
 103.1 0 0 1.5 0
 103.2 0 0 1.5 0
 103.3 0 0 1.5 0
 103.4 0 0 1.5 0
 103.5 0 0 1.5 0
 103.6 0 0 1.5 0
 103.7 0 0 1.5 0
 103.8 0 0 1.5 0
 103.9 0 0 1.5 0
 104 0 0 1.5 0
 104.1 0 0 1.5 0
 104.2 0 0 1.5 0
 104.3 0 0 1.5 0
 104.4 0 0 1.5 0
 104.5 0 0 1.5 0
 104.6 0 0 1.5 0
 104.7 0 0 1.5 0
 104.8 0 0 1.5 0
 104.9 0 0 1.5 0
 105 0 0 1.5 0
 105.1 0 0 1.5 0
 105.2 0 0 1.5 0
 105.3 0 0 1.5 0
 105.4 0 0 1.5 0
 105.5 0 0 1.5 0
 105.6 0 0 1.5 0
 105.7 0 0 1.5 0
 105.8 0 0 1.5 0
 105.9 0 0 1.5 0
 106 0 0 1.5 0
 106.1 0 0 1.5 0
 106.2 0 0 1.5 0
 106.3 0 0 1.5 0
 106.4 0 0 1.5 0
 106.5 0 0 1.5 0
 106.6 0 0 1.5 0
 106.7 0 0 1.5 0
 106.8 0 0 1.5 0
 106.9 0 0 1.5 0
 107 0 0 1.5 0
 107.1 0 0 1.5 0
 107.2 0 0 1.5 0
 107.3 0 0 1.5 0
 107.4 0 0 1.5 0
 107.5 0 0 1.5 0
 107.6 0 0 1.5 0
 107.7 0 0 1.5 0
 107.8 0 0 1.5 0
 107.9 0 0 1.5 0
 108 0 0 1.5 0
 108.1 0 0 1.5 0
 108.2 0 0 1.5 0
 108.3 0 0 1.5 0
 108.4 0 0 1.5 0
 108.5 0 0 1.5 0
 108.6 0 0 1.5 0
 108.7 0 0 1.5 0
 108.8 0 0 1.5 0
 108.9 0 0 1.5 0
 109 0 0 1.5 0
 109.1 0 0 1.5 0
 109.2 0 0 1.5 0
 109.3 0 0 1.5 0
 109.4 0 0 1.5 0
 109.5 0 0 1.5 0
 109.6 0 0 1.5 0
 109.7 0 0 1.5 0
 109.8 0 0 1.5 0
 109.9 0 0 1.5 0
 110 0 0 1.5 0
 110.1 0 0 1.5 0
 110.2 0 0 1.5 0
 110.3 0 0 1.5 0
 110.4 0 0 1.5 0
 110.5 0 0 1.5 0
 110.6 0 0 1.5 0
 110.7 0 0 1.5 0
 110.8 0 0 1.5 0
 110.9 0 0 1.5 0
 111 0 0 1.5 0
 111.1 0 0 1.5 0
 111.2 0 0 1.5 0
 111.3 0 0 1.5 0
 111.4 0 0 1.5 0
 111.5 0 0 1.5 0
 111.6 0 0 1.5 0
 111.7 0 0 1.5 0
 111.8 0 0 1.5 0
 111.9 0 0 1.5 0
 112 0 0 1.5 0
 112.1 0 0 1.5 0
 112.2 0 0 1.5 0
 112.3 0 0 1.5 0
 112.4 0 0 1.5 0
 112.5 0 0 1.5 0
 112.6 0 0 1.5 0
 112.7 0 0 1.5 0
 112.8 0 0 1.5 0
 112.9 0 0 1.5 0
 113 0 0 1.5 0
 113.1 0 0 1.5 0
 113.2 0 0 1.5 0
 113.3 0 0 1.5 0
 113.4 0 0 1.5 0
 113.5 0 0 1.5 0
 113.6 0 0 1.5 0
 113.7 0 0 1.5 0
 113.8 0 0 1.5 0
 113.9 0 0 1.5 0
 114 0 0 1.5 0
 114.1 0 0 1.5 0
 114.2 0 0 1.5 0
 114.3 0 0 1.5 0
 114.4 0 0 1.5 0
 114.5 0 0 1.5 0
 114.6 0 0 1.5 0
 114.7 0 0 1.5 0
 114.8 0 0 1.5 0
 114.9 0 0 1.5 0
 115 0 0 1.5 0
 115.1 0 0 1.5 0
 115.2 0 0 1.5 0
 115.3 0 0 1.5 0
 115.4 0 0 1.5 0
 115.5 0 0 1.5 0
 115.6 0 0 1.5 0
 115.7 0 0 1.5 0
 115.8 0 0 1.5 0
 115.9 0 0 1.5 0
 116 0 0 1.5 0
 116.1 0 0 1.5 0
 116.2 0 0 1.5 0
 116.3 0 0 1.5 0
 116.4 0 0 1.5 0
 116.5 0 0 1.5 0
 116.6 0 0 1.5 0
 116.7 0 0 1.5 0
 116.8 0 0 1.5 0
 116.9 0 0 1.5 0
 117 0 0 1.5 0
 117.1 0 0 1.5 0
 117.2 0 0 1.5 0
 117.3 0 0 1.5 0
 117.4 0 0 1.5 0
 117.5 0 0 1.5 0
 117.6 0 0 1.5 0
 117.7 0 0 1.5 0
 117.8 0 0 1.5 0
 117.9 0 0 1.5 0
 118 0 0 1.5 0
 118.1 0 0 1.5 0
 118.2 0 0 1.5 0
 118.3 0 0 1.5 0
 118.4 0 0 1.5 0
 118.5 0 0 1.5 0
 118.6 0 0 1.5 0
 118.7 0 0 1.5 0
 118.8 0 0 1.5 0
 118.9 0 0 1.5 0
 119 0 0 1.5 0
 119.1 0 0 1.5 0
 119.2 0 0 1.5 0
 119.3 0 0 1.5 0
 119.4 0 0 1.5 0
 119.5 0 0 1.5 0
 119.6 0 0 1.5 0
 119.7 0 0 1.5 0
 119.8 0 0 1.5 0
 119.9 0 0 1.5 0
 120 0 0 1.5 0
 120.1 0 0 1.5 0
 120.2 0 0 1.5 0
 120.3 0 0 1.5 0
 120.4 0 0 1.5 0
 120.5 0 0 1.5 0
 120.6 0 0 1.5 0
 120.7 0 0 1.5 0
 120.8 0 0 1.5 0
 120.9 0 0 1.5 0
 121 0 0 1.5 0
 121.1 0 0 1.5 0
 121.2 0 0 1.5 0
 121.3 0 0 1.5 0
 121.4 0 0 1.5 0
 121.5 0 0 1.5 0
 121.6 0 0 1.5 0
 121.7 0 0 1.5 0
 121.8 0 0 1.5 0
 121.9 0 0 1.5 0
 122 0 0 1.5 0
 122.1 0 0 1.5 0
 122.2 0 0 1.5 0
 122.3 0 0 1.5 0
 122.4 0 0 1.5 0
 122.5 0 0 1.5 0
 122.6 0 0 1.5 0
 122.7 0 0 1.5 0
 122.8 0 0 1.5 0
 122.9 0 0 1.5 0
 123 0 0 1.5 0
 123.1 0 0 1.5 0
 123.2 0 0 1.5 0
 123.3 0 0 1.5 0
 123.4 0 0 1.5 0
 123.5 0 0 1.5 0
 123.6 0 0 1.5 0
 123.7 0 0 1.5 0
 123.8 0 0 1.5 0
 123.9 0 0 1.5 0
 124 0 0 1.5 0
 124.1 0 0 1.5 0
 124.2 0 0 1.5 0
 124.3 0 0 1.5 0
 124.4 0 0 1.5 0
 124.5 0 0 1.5 0
 124.6 0 0 1.5 0
 124.7 0 0 1.5 0
 124.8 0 0 1.5 0
 124.9 0 0 1.5 0
 125 0 0 1.5 0
 125.1 0 0 1.5 0
 125.2 0 0 1.5 0
 125.3 0 0 1.5 0
 125.4 0 0 1.5 0
 125.5 0 0 1.5 0
 125.6 0 0 1.5 0
 125.7 0 0 1.5 0
 125.8 0 0 1.5 0
 125.9 0 0 1.5 0
 126 0 0 1.5 0
 126.1 0 0 1.5 0
 126.2 0 0 1.5 0
 126.3 0 0 1.5 0
 126.4 0 0 1.5 0
 126.5 0 0 1.5 0
 126.6 0 0 1.5 0
 126.7 0 0 1.5 0
 126.8 0 0 1.5 0
 126.9 0 0 1.5 0
 127 0 0 1.5 0
 127.1 0 0 1.5 0
 127.2 0 0 1.5 0
 127.3 0 0 1.5 0
 127.4 0 0 1.5 0
 127.5 0 0 1.5 0
 127.6 0 0 1.5 0
 127.7 0 0 1.5 0
 127.8 0 0 1.5 0
 127.9 0 0 1.5 0
 128 0 0 1.5 0
 128.1 0 0 1.5 0
 128.2 0 0 1.5 0
 128.3 0 0 1.5 0
 128.4 0 0 1.5 0
 128.5 0 0 1.5 0
 128.6 0 0 1.5 0
 128.7 0 0 1.5 0
 128.8 0 0 1.5 0
 128.9 0 0 1.5 0
 129 0 0 1.5 0
 129.1 0 0 1.5 0
 129.2 0 0 1.5 0
 129.3 0 0 1.5 0
 129.4 0 0 1.5 0
 129.5 0 0 1.5 0
 129.6 0 0 1.5 0
 129.7 0 0 1.5 0
 129.8 0 0 1.5 0
 129.9 0 0 1.5 0
 130 0 0 1.5 0
 130.1 0 0 1.5 0
 130.2 0 0 1.5 0
 130.3 0 0 1.5 0
 130.4 0 0 1.5 0
 130.5 0 0 1.5 0
 130.6 0 0 1.5 0
 130.7 0 0 1.5 0
 130.8 0 0 1.5 0
 130.9 0 0 1.5 0
 131 0 0 1.5 0
 131.1 0 0 1.5 0
 131.2 0 0 1.5 0
 131.3 0 0 1.5 0
 131.4 0 0 1.5 0
 131.5 0 0 1.5 0
 131.6 0 0 1.5 0
 131.7 0 0 1.5 0
 131.8 0 0 1.5 0
 131.9 0 0 1.5 0
 132 0 0 1.5 0
 132.1 0 0 1.5 0
 132.2 0 0 1.5 0
 132.3 0 0 1.5 0
 132.4 0 0 1.5 0
 132.5 0 0 1.5 0
 132.6 0 0 1.5 0
 132.7 0 0 1.5 0
 132.8 0 0 1.5 0
 132.9 0 0 1.5 0
 133 0 0 1.5 0
 133.1 0 0 1.5 0
 133.2 0 0 1.5 0
 133.3 0 0 1.5 0
 133.4 0 0 1.5 0
 133.5 0 0 1.5 0
 133.6 0 0 1.5 0
 133.7 0 0 1.5 0
 133.8 0 0 1.5 0
 133.9 0 0 1.5 0
 134 0 0 1.5 0
 134.1 0 0 1.5 0
 134.2 0 0 1.5 0
 134.3 0 0 1.5 0
 134.4 0 0 1.5 0
 134.5 0 0 1.5 0
 134.6 0 0 1.5 0
 134.7 0 0 1.5 0
 134.8 0 0 1.5 0
 134.9 0 0 1.5 0
 135 0 0 1.5 0
 135.1 0 0 1.5 0
 135.2 0 0 1.5 0
 135.3 0 0 1.5 0
 135.4 0 0 1.5 0
 135.5 0 0 1.5 0
 135.6 0 0 1.5 0
 135.7 0 0 1.5 0
 135.8 0 0 1.5 0
 135.9 0 0 1.5 0
 136 0 0 1.5 0
 136.1 0 0 1.5 0
 136.2 0 0 1.5 0
 136.3 0 0 1.5 0
 136.4 0 0 1.5 0
 136.5 0 0 1.5 0
 136.6 0 0 1.5 0
 136.7 0 0 1.5 0
 136.8 0 0 1.5 0
 136.9 0 0 1.5 0
 137 0 0 1.5 0
 137.1 0 0 1.5 0
 137.2 0 0 1.5 0
 137.3 0 0 1.5 0
 137.4 0 0 1.5 0
 137.5 0 0 1.5 0
 137.6 0 0 1.5 0
 137.7 0 0 1.5 0
 137.8 0 0 1.5 0
 137.9 0 0 1.5 0
 138 0 0 1.5 0
 138.1 0 0 1.5 0
 138.2 0 0 1.5 0
 138.3 0 0 1.5 0
 138.4 0 0 1.5 0
 138.5 0 0 1.5 0
 138.6 0 0 1.5 0
 138.7 0 0 1.5 0
 138.8 0 0 1.5 0
 138.9 0 0 1.5 0
 139 0 0 1.5 0
 139.1 0 0 1.5 0
 139.2 0 0 1.5 0
 139.3 0 0 1.5 0
 139.4 0 0 1.5 0
 139.5 0 0 1.5 0
 139.6 0 0 1.5 0
 139.7 0 0 1.5 0
 139.8 0 0 1.5 0
 139.9 0 0 1.5 0
 140 0 0 1.5 0
 140.1 0 0 1.5 0
 140.2 0 0 1.5 0
 140.3 0 0 1.5 0
 140.4 0 0 1.5 0
 140.5 0 0 1.5 0
 140.6 0 0 1.5 0
 140.7 0 0 1.5 0
 140.8 0 0 1.5 0
 140.9 0 0 1.5 0
 141 0 0 1.5 0
 141.1 0 0 1.5 0
 141.2 0 0 1.5 0
 141.3 0 0 1.5 0
 141.4 0 0 1.5 0
 141.5 0 0 1.5 0
 141.6 0 0 1.5 0
 141.7 0 0 1.5 0
 141.8 0 0 1.5 0
 141.9 0 0 1.5 0
 142 0 0 1.5 0
 142.1 0 0 1.5 0
 142.2 0 0 1.5 0
 142.3 0 0 1.5 0
 142.4 0 0 1.5 0
 142.5 0 0 1.5 0
 142.6 0 0 1.5 0
 142.7 0 0 1.5 0
 142.8 0 0 1.5 0
 142.9 0 0 1.5 0
 143 0 0 1.5 0
 143.1 0 0 1.5 0
 143.2 0 0 1.5 0
 143.3 0 0 1.5 0
 143.4 0 0 1.5 0
 143.5 0 0 1.5 0
 143.6 0 0 1.5 0
 143.7 0 0 1.5 0
 143.8 0 0 1.5 0
 143.9 0 0 1.5 0
 144 0 0 1.5 0
 144.1 0 0 1.5 0
 144.2 0 0 1.5 0
 144.3 0 0 1.5 0
 144.4 0 0 1.5 0
 144.5 0 0 1.5 0
 144.6 0 0 1.5 0
 144.7 0 0 1.5 0
 144.8 0 0 1.5 0
 144.9 0 0 1.5 0
 145 0 0 1.5 0
 145.1 0 0 1.5 0
 145.2 0 0 1.5 0
 145.3 0 0 1.5 0
 145.4 0 0 1.5 0
 145.5 0 0 1.5 0
 145.6 0 0 1.5 0
 145.7 0 0 1.5 0
 145.8 0 0 1.5 0
 145.9 0 0 1.5 0
 146 0 0 1.5 0
 146.1 0 0 1.5 0
 146.2 0 0 1.5 0
 146.3 0 0 1.5 0
 146.4 0 0 1.5 0
 146.5 0 0 1.5 0
 146.6 0 0 1.5 0
 146.7 0 0 1.5 0
 146.8 0 0 1.5 0
 146.9 0 0 1.5 0
 147 0 0 1.5 0
 147.1 0 0 1.5 0
 147.2 0 0 1.5 0
 147.3 0 0 1.5 0
 147.4 0 0 1.5 0
 147.5 0 0 1.5 0
 147.6 0 0 1.5 0
 147.7 0 0 1.5 0
 147.8 0 0 1.5 0
 147.9 0 0 1.5 0
 148 0 0 1.5 0
 148.1 0 0 1.5 0
 148.2 0 0 1.5 0
 148.3 0 0 1.5 0
 148.4 0 0 1.5 0
 148.5 0 0 1.5 0
 148.6 0 0 1.5 0
 148.7 0 0 1.5 0
 148.8 0 0 1.5 0
 148.9 0 0 1.5 0
 149 0 0 1.5 0
 149.1 0 0 1.5 0
 149.2 0 0 1.5 0
 149.3 0 0 1.5 0
 149.4 0 0 1.5 0
 149.5 0 0 1.5 0
 149.6 0 0 1.5 0
 149.7 0 0 1.5 0
 149.8 0 0 1.5 0
 149.9 0 0 1.5 0
 150 0 0 1.5 0
 150.1 0 0 1.5 0
 150.2 0 0 1.5 0
 150.3 0 0 1.5 0
 150.4 0 0 1.5 0
 150.5 0 0 1.5 0
 150.6 0 0 1.5 0
 150.7 0 0 1.5 0
 150.8 0 0 1.5 0
 150.9 0 0 1.5 0
 151 0 0 1.5 0
 151.1 0 0 1.5 0
 151.2 0 0 1.5 0
 151.3 0 0 1.5 0
 151.4 0 0 1.5 0
 151.5 0 0 1.5 0
 151.6 0 0 1.5 0
 151.7 0 0 1.5 0
 151.8 0 0 1.5 0
 151.9 0 0 1.5 0
 152 0 0 1.5 0
 152.1 0 0 1.5 0
 152.2 0 0 1.5 0
 152.3 0 0 1.5 0
 152.4 0 0 1.5 0
 152.5 0 0 1.5 0
 152.6 0 0 1.5 0
 152.7 0 0 1.5 0
 152.8 0 0 1.5 0
 152.9 0 0 1.5 0
 153 0 0 1.5 0
 153.1 0 0 1.5 0
 153.2 0 0 1.5 0
 153.3 0 0 1.5 0
 153.4 0 0 1.5 0
 153.5 0 0 1.5 0
 153.6 0 0 1.5 0
 153.7 0 0 1.5 0
 153.8 0 0 1.5 0
 153.9 0 0 1.5 0
 154 0 0 1.5 0
 154.1 0 0 1.5 0
 154.2 0 0 1.5 0
 154.3 0 0 1.5 0
 154.4 0 0 1.5 0
 154.5 0 0 1.5 0
 154.6 0 0 1.5 0
 154.7 0 0 1.5 0
 154.8 0 0 1.5 0
 154.9 0 0 1.5 0
 155 0 0 1.5 0
 155.1 0 0 1.5 0
 155.2 0 0 1.5 0
 155.3 0 0 1.5 0
 155.4 0 0 1.5 0
 155.5 0 0 1.5 0
 155.6 0 0 1.5 0
 155.7 0 0 1.5 0
 155.8 0 0 1.5 0
 155.9 0 0 1.5 0
 156 0 0 1.5 0
 156.1 0 0 1.5 0
 156.2 0 0 1.5 0
 156.3 0 0 1.5 0
 156.4 0 0 1.5 0
 156.5 0 0 1.5 0
 156.6 0 0 1.5 0
 156.7 0 0 1.5 0
 156.8 0 0 1.5 0
 156.9 0 0 1.5 0
 157 0 0 1.5 0
 157.1 0 0 1.5 0
 157.2 0 0 1.5 0
 157.3 0 0 1.5 0
 157.4 0 0 1.5 0
 157.5 0 0 1.5 0
 157.6 0 0 1.5 0
 157.7 0 0 1.5 0
 157.8 0 0 1.5 0
 157.9 0 0 1.5 0
 158 0 0 1.5 0
 158.1 0 0 1.5 0
 158.2 0 0 1.5 0
 158.3 0 0 1.5 0
 158.4 0 0 1.5 0
 158.5 0 0 1.5 0
 158.6 0 0 1.5 0
 158.7 0 0 1.5 0
 158.8 0 0 1.5 0
 158.9 0 0 1.5 0
 159 0 0 1.5 0
 159.1 0 0 1.5 0
 159.2 0 0 1.5 0
 159.3 0 0 1.5 0
 159.4 0 0 1.5 0
 159.5 0 0 1.5 0
 159.6 0 0 1.5 0
 159.7 0 0 1.5 0
 159.8 0 0 1.5 0
 159.9 0 0 1.5 0
 160 0 0 1.5 0
 160.1 0 0 1.5 0
 160.2 0 0 1.5 0
 160.3 0 0 1.5 0
 160.4 0 0 1.5 0
 160.5 0 0 1.5 0
 160.6 0 0 1.5 0
 160.7 0 0 1.5 0
 160.8 0 0 1.5 0
 160.9 0 0 1.5 0
 161 0 0 1.5 0
 161.1 0 0 1.5 0
 161.2 0 0 1.5 0
 161.3 0 0 1.5 0
 161.4 0 0 1.5 0
 161.5 0 0 1.5 0
 161.6 0 0 1.5 0
 161.7 0 0 1.5 0
 161.8 0 0 1.5 0
 161.9 0 0 1.5 0
 162 0 0 1.5 0
 162.1 0 0 1.5 0
 162.2 0 0 1.5 0
 162.3 0 0 1.5 0
 162.4 0 0 1.5 0
 162.5 0 0 1.5 0
 162.6 0 0 1.5 0
 162.7 0 0 1.5 0
 162.8 0 0 1.5 0
 162.9 0 0 1.5 0
 163 0 0 1.5 0
 163.1 0 0 1.5 0
 163.2 0 0 1.5 0
 163.3 0 0 1.5 0
 163.4 0 0 1.5 0
 163.5 0 0 1.5 0
 163.6 0 0 1.5 0
 163.7 0 0 1.5 0
 163.8 0 0 1.5 0
 163.9 0 0 1.5 0
 164 0 0 1.5 0
 164.1 0 0 1.5 0
 164.2 0 0 1.5 0
 164.3 0 0 1.5 0
 164.4 0 0 1.5 0
 164.5 0 0 1.5 0
 164.6 0 0 1.5 0
 164.7 0 0 1.5 0
 164.8 0 0 1.5 0
 164.9 0 0 1.5 0
 165 0 0 1.5 0
 165.1 0 0 1.5 0
 165.2 0 0 1.5 0
 165.3 0 0 1.5 0
 165.4 0 0 1.5 0
 165.5 0 0 1.5 0
 165.6 0 0 1.5 0
 165.7 0 0 1.5 0
 165.8 0 0 1.5 0
 165.9 0 0 1.5 0
 166 0 0 1.5 0
 166.1 0 0 1.5 0
 166.2 0 0 1.5 0
 166.3 0 0 1.5 0
 166.4 0 0 1.5 0
 166.5 0 0 1.5 0
 166.6 0 0 1.5 0
 166.7 0 0 1.5 0
 166.8 0 0 1.5 0
 166.9 0 0 1.5 0
 167 0 0 1.5 0
 167.1 0 0 1.5 0
 167.2 0 0 1.5 0
 167.3 0 0 1.5 0
 167.4 0 0 1.5 0
 167.5 0 0 1.5 0
 167.6 0 0 1.5 0
 167.7 0 0 1.5 0
 167.8 0 0 1.5 0
 167.9 0 0 1.5 0
 168 0 0 1.5 0
 168.1 0 0 1.5 0
 168.2 0 0 1.5 0
 168.3 0 0 1.5 0
 168.4 0 0 1.5 0
 168.5 0 0 1.5 0
 168.6 0 0 1.5 0
 168.7 0 0 1.5 0
 168.8 0 0 1.5 0
 168.9 0 0 1.5 0
 169 0 0 1.5 0
 169.1 0 0 1.5 0
 169.2 0 0 1.5 0
 169.3 0 0 1.5 0
 169.4 0 0 1.5 0
 169.5 0 0 1.5 0
 169.6 0 0 1.5 0
 169.7 0 0 1.5 0
 169.8 0 0 1.5 0
 169.9 0 0 1.5 0
 170 0 0 1.5 0
 170.1 0 0 1.5 0
 170.2 0 0 1.5 0
 170.3 0 0 1.5 0
 170.4 0 0 1.5 0
 170.5 0 0 1.5 0
 170.6 0 0 1.5 0
 170.7 0 0 1.5 0
 170.8 0 0 1.5 0
 170.9 0 0 1.5 0
 171 0 0 1.5 0
 171.1 0 0 1.5 0
 171.2 0 0 1.5 0
 171.3 0 0 1.5 0
 171.4 0 0 1.5 0
 171.5 0 0 1.5 0
 171.6 0 0 1.5 0
 171.7 0 0 1.5 0
 171.8 0 0 1.5 0
 171.9 0 0 1.5 0
 172 0 0 1.5 0
 172.1 0 0 1.5 0
 172.2 0 0 1.5 0
 172.3 0 0 1.5 0
 172.4 0 0 1.5 0
 172.5 0 0 1.5 0
 172.6 0 0 1.5 0
 172.7 0 0 1.5 0
 172.8 0 0 1.5 0
 172.9 0 0 1.5 0
 173 0 0 1.5 0
 173.1 0 0 1.5 0
 173.2 0 0 1.5 0
 173.3 0 0 1.5 0
 173.4 0 0 1.5 0
 173.5 0 0 1.5 0
 173.6 0 0 1.5 0
 173.7 0 0 1.5 0
 173.8 0 0 1.5 0
 173.9 0 0 1.5 0
 174 0 0 1.5 0
 174.1 0 0 1.5 0
 174.2 0 0 1.5 0
 174.3 0 0 1.5 0
 174.4 0 0 1.5 0
 174.5 0 0 1.5 0
 174.6 0 0 1.5 0
 174.7 0 0 1.5 0
 174.8 0 0 1.5 0
 174.9 0 0 1.5 0
 175 0 0 1.5 0
 175.1 0 0 1.5 0
 175.2 0 0 1.5 0
 175.3 0 0 1.5 0
 175.4 0 0 1.5 0
 175.5 0 0 1.5 0
 175.6 0 0 1.5 0
 175.7 0 0 1.5 0
 175.8 0 0 1.5 0
 175.9 0 0 1.5 0
 176 0 0 1.5 0
 176.1 0 0 1.5 0
 176.2 0 0 1.5 0
 176.3 0 0 1.5 0
 176.4 0 0 1.5 0
 176.5 0 0 1.5 0
 176.6 0 0 1.5 0
 176.7 0 0 1.5 0
 176.8 0 0 1.5 0
 176.9 0 0 1.5 0
 177 0 0 1.5 0
 177.1 0 0 1.5 0
 177.2 0 0 1.5 0
 177.3 0 0 1.5 0
 177.4 0 0 1.5 0
 177.5 0 0 1.5 0
 177.6 0 0 1.5 0
 177.7 0 0 1.5 0
 177.8 0 0 1.5 0
 177.9 0 0 1.5 0
 178 0 0 1.5 0
 178.1 0 0 1.5 0
 178.2 0 0 1.5 0
 178.3 0 0 1.5 0
 178.4 0 0 1.5 0
 178.5 0 0 1.5 0
 178.6 0 0 1.5 0
 178.7 0 0 1.5 0
 178.8 0 0 1.5 0
 178.9 0 0 1.5 0
 179 0 0 1.5 0
 179.1 0 0 1.5 0
 179.2 0 0 1.5 0
 179.3 0 0 1.5 0
 179.4 0 0 1.5 0
 179.5 0 0 1.5 0
 179.6 0 0 1.5 0
 179.7 0 0 1.5 0
 179.8 0 0 1.5 0
 179.9 0 0 1.5 0
 180 0 0 1.5 0
 180.1 0 0 1.5 0
 180.2 0 0 1.5 0
 180.3 0 0 1.5 0
 180.4 0 0 1.5 0
 180.5 0 0 1.5 0
 180.6 0 0 1.5 0
 180.7 0 0 1.5 0
 180.8 0 0 1.5 0
 180.9 0 0 1.5 0
 181 0 0 1.5 0
 181.1 0 0 1.5 0
 181.2 0 0 1.5 0
 181.3 0 0 1.5 0
 181.4 0 0 1.5 0
 181.5 0 0 1.5 0
 181.6 0 0 1.5 0
 181.7 0 0 1.5 0
 181.8 0 0 1.5 0
 181.9 0 0 1.5 0
 182 0 0 1.5 0
 182.1 0 0 1.5 0
 182.2 0 0 1.5 0
 182.3 0 0 1.5 0
 182.4 0 0 1.5 0
 182.5 0 0 1.5 0
 182.6 0 0 1.5 0
 182.7 0 0 1.5 0
 182.8 0 0 1.5 0
 182.9 0 0 1.5 0
 183 0 0 1.5 0
 183.1 0 0 1.5 0
 183.2 0 0 1.5 0
 183.3 0 0 1.5 0
 183.4 0 0 1.5 0
 183.5 0 0 1.5 0
 183.6 0 0 1.5 0
 183.7 0 0 1.5 0
 183.8 0 0 1.5 0
 183.9 0 0 1.5 0
 184 0 0 1.5 0
 184.1 0 0 1.5 0
 184.2 0 0 1.5 0
 184.3 0 0 1.5 0
 184.4 0 0 1.5 0
 184.5 0 0 1.5 0
 184.6 0 0 1.5 0
 184.7 0 0 1.5 0
 184.8 0 0 1.5 0
 184.9 0 0 1.5 0
 185 0 0 1.5 0
 185.1 0 0 1.5 0
 185.2 0 0 1.5 0
 185.3 0 0 1.5 0
 185.4 0 0 1.5 0
 185.5 0 0 1.5 0
 185.6 0 0 1.5 0
 185.7 0 0 1.5 0
 185.8 0 0 1.5 0
 185.9 0 0 1.5 0
 186 0 0 1.5 0
 186.1 0 0 1.5 0
 186.2 0 0 1.5 0
 186.3 0 0 1.5 0
 186.4 0 0 1.5 0
 186.5 0 0 1.5 0
 186.6 0 0 1.5 0
 186.7 0 0 1.5 0
 186.8 0 0 1.5 0
 186.9 0 0 1.5 0
 187 0 0 1.5 0
 187.1 0 0 1.5 0
 187.2 0 0 1.5 0
 187.3 0 0 1.5 0
 187.4 0 0 1.5 0
 187.5 0 0 1.5 0
 187.6 0 0 1.5 0
 187.7 0 0 1.5 0
 187.8 0 0 1.5 0
 187.9 0 0 1.5 0
 188 0 0 1.5 0
 188.1 0 0 1.5 0
 188.2 0 0 1.5 0
 188.3 0 0 1.5 0
 188.4 0 0 1.5 0
 188.5 0 0 1.5 0
 188.6 0 0 1.5 0
 188.7 0 0 1.5 0
 188.8 0 0 1.5 0
 188.9 0 0 1.5 0
 189 0 0 1.5 0
 189.1 0 0 1.5 0
 189.2 0 0 1.5 0
 189.3 0 0 1.5 0
 189.4 0 0 1.5 0
 189.5 0 0 1.5 0
 189.6 0 0 1.5 0
 189.7 0 0 1.5 0
 189.8 0 0 1.5 0
 189.9 0 0 1.5 0
 190 0 0 1.5 0
 190.1 0 0 1.5 0
 190.2 0 0 1.5 0
 190.3 0 0 1.5 0
 190.4 0 0 1.5 0
 190.5 0 0 1.5 0
 190.6 0 0 1.5 0
 190.7 0 0 1.5 0
 190.8 0 0 1.5 0
 190.9 0 0 1.5 0
 191 0 0 1.5 0
 191.1 0 0 1.5 0
 191.2 0 0 1.5 0
 191.3 0 0 1.5 0
 191.4 0 0 1.5 0
 191.5 0 0 1.5 0
 191.6 0 0 1.5 0
 191.7 0 0 1.5 0
 191.8 0 0 1.5 0
 191.9 0 0 1.5 0
 192 0 0 1.5 0
 192.1 0 0 1.5 0
 192.2 0 0 1.5 0
 192.3 0 0 1.5 0
 192.4 0 0 1.5 0
 192.5 0 0 1.5 0
 192.6 0 0 1.5 0
 192.7 0 0 1.5 0
 192.8 0 0 1.5 0
 192.9 0 0 1.5 0
 193 0 0 1.5 0
 193.1 0 0 1.5 0
 193.2 0 0 1.5 0
 193.3 0 0 1.5 0
 193.4 0 0 1.5 0
 193.5 0 0 1.5 0
 193.6 0 0 1.5 0
 193.7 0 0 1.5 0
 193.8 0 0 1.5 0
 193.9 0 0 1.5 0
 194 0 0 1.5 0
 194.1 0 0 1.5 0
 194.2 0 0 1.5 0
 194.3 0 0 1.5 0
 194.4 0 0 1.5 0
 194.5 0 0 1.5 0
 194.6 0 0 1.5 0
 194.7 0 0 1.5 0
 194.8 0 0 1.5 0
 194.9 0 0 1.5 0
 195 0 0 1.5 0
 195.1 0 0 1.5 0
 195.2 0 0 1.5 0
 195.3 0 0 1.5 0
 195.4 0 0 1.5 0
 195.5 0 0 1.5 0
 195.6 0 0 1.5 0
 195.7 0 0 1.5 0
 195.8 0 0 1.5 0
 195.9 0 0 1.5 0
 196 0 0 1.5 0
 196.1 0 0 1.5 0
 196.2 0 0 1.5 0
 196.3 0 0 1.5 0
 196.4 0 0 1.5 0
 196.5 0 0 1.5 0
 196.6 0 0 1.5 0
 196.7 0 0 1.5 0
 196.8 0 0 1.5 0
 196.9 0 0 1.5 0
 197 0 0 1.5 0
 197.1 0 0 1.5 0
 197.2 0 0 1.5 0
 197.3 0 0 1.5 0
 197.4 0 0 1.5 0
 197.5 0 0 1.5 0
 197.6 0 0 1.5 0
 197.7 0 0 1.5 0
 197.8 0 0 1.5 0
 197.9 0 0 1.5 0
 198 0 0 1.5 0
 198.1 0 0 1.5 0
 198.2 0 0 1.5 0
 198.3 0 0 1.5 0
 198.4 0 0 1.5 0
 198.5 0 0 1.5 0
 198.6 0 0 1.5 0
 198.7 0 0 1.5 0
 198.8 0 0 1.5 0
 198.9 0 0 1.5 0
 199 0 0 1.5 0
 199.1 0 0 1.5 0
 199.2 0 0 1.5 0
 199.3 0 0 1.5 0
 199.4 0 0 1.5 0
 199.5 0 0 1.5 0
 199.6 0 0 1.5 0
 199.7 0 0 1.5 0
 199.8 0 0 1.5 0
 199.9 0 0 1.5 0
 200 0 0 1.5 0
 200.1 0 0 1.5 0
 200.2 0 0 1.5 0
 200.3 0 0 1.5 0
 200.4 0 0 1.5 0
 200.5 0 0 1.5 0
 200.6 0 0 1.5 0
 200.7 0 0 1.5 0
 200.8 0 0 1.5 0
 200.9 0 0 1.5 0
 201 0 0 1.5 0
 201.1 0 0 1.5 0
 201.2 0 0 1.5 0
 201.3 0 0 1.5 0
 201.4 0 0 1.5 0
 201.5 0 0 1.5 0
 201.6 0 0 1.5 0
 201.7 0 0 1.5 0
 201.8 0 0 1.5 0
 201.9 0 0 1.5 0
 202 0 0 1.5 0
 202.1 0 0 1.5 0
 202.2 0 0 1.5 0
 202.3 0 0 1.5 0
 202.4 0 0 1.5 0
 202.5 0 0 1.5 0
 202.6 0 0 1.5 0
 202.7 0 0 1.5 0
 202.8 0 0 1.5 0
 202.9 0 0 1.5 0
 203 0 0 1.5 0
 203.1 0 0 1.5 0
 203.2 0 0 1.5 0
 203.3 0 0 1.5 0
 203.4 0 0 1.5 0
 203.5 0 0 1.5 0
 203.6 0 0 1.5 0
 203.7 0 0 1.5 0
 203.8 0 0 1.5 0
 203.9 0 0 1.5 0
 204 0 0 1.5 0
 204.1 0 0 1.5 0
 204.2 0 0 1.5 0
 204.3 0 0 1.5 0
 204.4 0 0 1.5 0
 204.5 0 0 1.5 0
 204.6 0 0 1.5 0
 204.7 0 0 1.5 0
 204.8 0 0 1.5 0
 204.9 0 0 1.5 0
 205 0 0 1.5 0
 205.1 0 0 1.5 0
 205.2 0 0 1.5 0
 205.3 0 0 1.5 0
 205.4 0 0 1.5 0
 205.5 0 0 1.5 0
 205.6 0 0 1.5 0
 205.7 0 0 1.5 0
 205.8 0 0 1.5 0
 205.9 0 0 1.5 0
 206 0 0 1.5 0
 206.1 0 0 1.5 0
 206.2 0 0 1.5 0
 206.3 0 0 1.5 0
 206.4 0 0 1.5 0
 206.5 0 0 1.5 0
 206.6 0 0 1.5 0
 206.7 0 0 1.5 0
 206.8 0 0 1.5 0
 206.9 0 0 1.5 0
 207 0 0 1.5 0
 207.1 0 0 1.5 0
 207.2 0 0 1.5 0
 207.3 0 0 1.5 0
 207.4 0 0 1.5 0
 207.5 0 0 1.5 0
 207.6 0 0 1.5 0
 207.7 0 0 1.5 0
 207.8 0 0 1.5 0
 207.9 0 0 1.5 0
 208 0 0 1.5 0
 208.1 0 0 1.5 0
 208.2 0 0 1.5 0
 208.3 0 0 1.5 0
 208.4 0 0 1.5 0
 208.5 0 0 1.5 0
 208.6 0 0 1.5 0
 208.7 0 0 1.5 0
 208.8 0 0 1.5 0
 208.9 0 0 1.5 0
 209 0 0 1.5 0
 209.1 0 0 1.5 0
 209.2 0 0 1.5 0
 209.3 0 0 1.5 0
 209.4 0 0 1.5 0
 209.5 0 0 1.5 0
 209.6 0 0 1.5 0
 209.7 0 0 1.5 0
 209.8 0 0 1.5 0
 209.9 0 0 1.5 0
 210 0 0 1.5 0
 210.1 0 0 1.5 0
 210.2 0 0 1.5 0
 210.3 0 0 1.5 0
 210.4 0 0 1.5 0
 210.5 0 0 1.5 0
 210.6 0 0 1.5 0
 210.7 0 0 1.5 0
 210.8 0 0 1.5 0
 210.9 0 0 1.5 0
 211 0 0 1.5 0
 211.1 0 0 1.5 0
 211.2 0 0 1.5 0
 211.3 0 0 1.5 0
 211.4 0 0 1.5 0
 211.5 0 0 1.5 0
 211.6 0 0 1.5 0
 211.7 0 0 1.5 0
 211.8 0 0 1.5 0
 211.9 0 0 1.5 0
 212 0 0 1.5 0
 212.1 0 0 1.5 0
 212.2 0 0 1.5 0
 212.3 0 0 1.5 0
 212.4 0 0 1.5 0
 212.5 0 0 1.5 0
 212.6 0 0 1.5 0
 212.7 0 0 1.5 0
 212.8 0 0 1.5 0
 212.9 0 0 1.5 0
 213 0 0 1.5 0
 213.1 0 0 1.5 0
 213.2 0 0 1.5 0
 213.3 0 0 1.5 0
 213.4 0 0 1.5 0
 213.5 0 0 1.5 0
 213.6 0 0 1.5 0
 213.7 0 0 1.5 0
 213.8 0 0 1.5 0
 213.9 0 0 1.5 0
 214 0 0 1.5 0
 214.1 0 0 1.5 0
 214.2 0 0 1.5 0
 214.3 0 0 1.5 0
 214.4 0 0 1.5 0
 214.5 0 0 1.5 0
 214.6 0 0 1.5 0
 214.7 0 0 1.5 0
 214.8 0 0 1.5 0
 214.9 0 0 1.5 0
 215 0 0 1.5 0
 215.1 0 0 1.5 0
 215.2 0 0 1.5 0
 215.3 0 0 1.5 0
 215.4 0 0 1.5 0
 215.5 0 0 1.5 0
 215.6 0 0 1.5 0
 215.7 0 0 1.5 0
 215.8 0 0 1.5 0
 215.9 0 0 1.5 0
 216 0 0 1.5 0
 216.1 0 0 1.5 0
 216.2 0 0 1.5 0
 216.3 0 0 1.5 0
 216.4 0 0 1.5 0
 216.5 0 0 1.5 0
 216.6 0 0 1.5 0
 216.7 0 0 1.5 0
 216.8 0 0 1.5 0
 216.9 0 0 1.5 0
 217 0 0 1.5 0
 217.1 0 0 1.5 0
 217.2 0 0 1.5 0
 217.3 0 0 1.5 0
 217.4 0 0 1.5 0
 217.5 0 0 1.5 0
 217.6 0 0 1.5 0
 217.7 0 0 1.5 0
 217.8 0 0 1.5 0
 217.9 0 0 1.5 0
 218 0 0 1.5 0
 218.1 0 0 1.5 0
 218.2 0 0 1.5 0
 218.3 0 0 1.5 0
 218.4 0 0 1.5 0
 218.5 0 0 1.5 0
 218.6 0 0 1.5 0
 218.7 0 0 1.5 0
 218.8 0 0 1.5 0
 218.9 0 0 1.5 0
 219 0 0 1.5 0
 219.1 0 0 1.5 0
 219.2 0 0 1.5 0
 219.3 0 0 1.5 0
 219.4 0 0 1.5 0
 219.5 0 0 1.5 0
 219.6 0 0 1.5 0
 219.7 0 0 1.5 0
 219.8 0 0 1.5 0
 219.9 0 0 1.5 0
 220 0 0 1.5 0
 220.1 0 0 1.5 0
 220.2 0 0 1.5 0
 220.3 0 0 1.5 0
 220.4 0 0 1.5 0
 220.5 0 0 1.5 0
 220.6 0 0 1.5 0
 220.7 0 0 1.5 0
 220.8 0 0 1.5 0
 220.9 0 0 1.5 0
 221 0 0 1.5 0
 221.1 0 0 1.5 0
 221.2 0 0 1.5 0
 221.3 0 0 1.5 0
 221.4 0 0 1.5 0
 221.5 0 0 1.5 0
 221.6 0 0 1.5 0
 221.7 0 0 1.5 0
 221.8 0 0 1.5 0
 221.9 0 0 1.5 0
 222 0 0 1.5 0
 222.1 0 0 1.5 0
 222.2 0 0 1.5 0
 222.3 0 0 1.5 0
 222.4 0 0 1.5 0
 222.5 0 0 1.5 0
 222.6 0 0 1.5 0
 222.7 0 0 1.5 0
 222.8 0 0 1.5 0
 222.9 0 0 1.5 0
 223 0 0 1.5 0
 223.1 0 0 1.5 0
 223.2 0 0 1.5 0
 223.3 0 0 1.5 0
 223.4 0 0 1.5 0
 223.5 0 0 1.5 0
 223.6 0 0 1.5 0
 223.7 0 0 1.5 0
 223.8 0 0 1.5 0
 223.9 0 0 1.5 0
 224 0 0 1.5 0
 224.1 0 0 1.5 0
 224.2 0 0 1.5 0
 224.3 0 0 1.5 0
 224.4 0 0 1.5 0
 224.5 0 0 1.5 0
 224.6 0 0 1.5 0
 224.7 0 0 1.5 0
 224.8 0 0 1.5 0
 224.9 0 0 1.5 0
 225 0 0 1.5 0
 225.1 0 0 1.5 0
 225.2 0 0 1.5 0
 225.3 0 0 1.5 0
 225.4 0 0 1.5 0
 225.5 0 0 1.5 0
 225.6 0 0 1.5 0
 225.7 0 0 1.5 0
 225.8 0 0 1.5 0
 225.9 0 0 1.5 0
 226 0 0 1.5 0
 226.1 0 0 1.5 0
 226.2 0 0 1.5 0
 226.3 0 0 1.5 0
 226.4 0 0 1.5 0
 226.5 0 0 1.5 0
 226.6 0 0 1.5 0
 226.7 0 0 1.5 0
 226.8 0 0 1.5 0
 226.9 0 0 1.5 0
 227 0 0 1.5 0
 227.1 0 0 1.5 0
 227.2 0 0 1.5 0
 227.3 0 0 1.5 0
 227.4 0 0 1.5 0
 227.5 0 0 1.5 0
 227.6 0 0 1.5 0
 227.7 0 0 1.5 0
 227.8 0 0 1.5 0
 227.9 0 0 1.5 0
 228 0 0 1.5 0
 228.1 0 0 1.5 0
 228.2 0 0 1.5 0
 228.3 0 0 1.5 0
 228.4 0 0 1.5 0
 228.5 0 0 1.5 0
 228.6 0 0 1.5 0
 228.7 0 0 1.5 0
 228.8 0 0 1.5 0
 228.9 0 0 1.5 0
 229 0 0 1.5 0
 229.1 0 0 1.5 0
 229.2 0 0 1.5 0
 229.3 0 0 1.5 0
 229.4 0 0 1.5 0
 229.5 0 0 1.5 0
 229.6 0 0 1.5 0
 229.7 0 0 1.5 0
 229.8 0 0 1.5 0
 229.9 0 0 1.5 0
 230 0 0 1.5 0
 230.1 0 0 1.5 0
 230.2 0 0 1.5 0
 230.3 0 0 1.5 0
 230.4 0 0 1.5 0
 230.5 0 0 1.5 0
 230.6 0 0 1.5 0
 230.7 0 0 1.5 0
 230.8 0 0 1.5 0
 230.9 0 0 1.5 0
 231 0 0 1.5 0
 231.1 0 0 1.5 0
 231.2 0 0 1.5 0
 231.3 0 0 1.5 0
 231.4 0 0 1.5 0
 231.5 0 0 1.5 0
 231.6 0 0 1.5 0
 231.7 0 0 1.5 0
 231.8 0 0 1.5 0
 231.9 0 0 1.5 0
 232 0 0 1.5 0
 232.1 0 0 1.5 0
 232.2 0 0 1.5 0
 232.3 0 0 1.5 0
 232.4 0 0 1.5 0
 232.5 0 0 1.5 0
 232.6 0 0 1.5 0
 232.7 0 0 1.5 0
 232.8 0 0 1.5 0
 232.9 0 0 1.5 0
 233 0 0 1.5 0
 233.1 0 0 1.5 0
 233.2 0 0 1.5 0
 233.3 0 0 1.5 0
 233.4 0 0 1.5 0
 233.5 0 0 1.5 0
 233.6 0 0 1.5 0
 233.7 0 0 1.5 0
 233.8 0 0 1.5 0
 233.9 0 0 1.5 0
 234 0 0 1.5 0
 234.1 0 0 1.5 0
 234.2 0 0 1.5 0
 234.3 0 0 1.5 0
 234.4 0 0 1.5 0
 234.5 0 0 1.5 0
 234.6 0 0 1.5 0
 234.7 0 0 1.5 0
 234.8 0 0 1.5 0
 234.9 0 0 1.5 0
 235 0 0 1.5 0
 235.1 0 0 1.5 0
 235.2 0 0 1.5 0
 235.3 0 0 1.5 0
 235.4 0 0 1.5 0
 235.5 0 0 1.5 0
 235.6 0 0 1.5 0
 235.7 0 0 1.5 0
 235.8 0 0 1.5 0
 235.9 0 0 1.5 0
 236 0 0 1.5 0
 236.1 0 0 1.5 0
 236.2 0 0 1.5 0
 236.3 0 0 1.5 0
 236.4 0 0 1.5 0
 236.5 0 0 1.5 0
 236.6 0 0 1.5 0
 236.7 0 0 1.5 0
 236.8 0 0 1.5 0
 236.9 0 0 1.5 0
 237 0 0 1.5 0
 237.1 0 0 1.5 0
 237.2 0 0 1.5 0
 237.3 0 0 1.5 0
 237.4 0 0 1.5 0
 237.5 0 0 1.5 0
 237.6 0 0 1.5 0
 237.7 0 0 1.5 0
 237.8 0 0 1.5 0
 237.9 0 0 1.5 0
 238 0 0 1.5 0
 238.1 0 0 1.5 0
 238.2 0 0 1.5 0
 238.3 0 0 1.5 0
 238.4 0 0 1.5 0
 238.5 0 0 1.5 0
 238.6 0 0 1.5 0
 238.7 0 0 1.5 0
 238.8 0 0 1.5 0
 238.9 0 0 1.5 0
 239 0 0 1.5 0
 239.1 0 0 1.5 0
 239.2 0 0 1.5 0
 239.3 0 0 1.5 0
 239.4 0 0 1.5 0
 239.5 0 0 1.5 0
 239.6 0 0 1.5 0
 239.7 0 0 1.5 0
 239.8 0 0 1.5 0
 239.9 0 0 1.5 0
 240 0 0 1.5 0
 240.1 0 0 1.5 0
 240.2 0 0 1.5 0
 240.3 0 0 1.5 0
 240.4 0 0 1.5 0
 240.5 0 0 1.5 0
 240.6 0 0 1.5 0
 240.7 0 0 1.5 0
 240.8 0 0 1.5 0
 240.9 0 0 1.5 0
 241 0 0 1.5 0
 241.1 0 0 1.5 0
 241.2 0 0 1.5 0
 241.3 0 0 1.5 0
 241.4 0 0 1.5 0
 241.5 0 0 1.5 0
 241.6 0 0 1.5 0
 241.7 0 0 1.5 0
 241.8 0 0 1.5 0
 241.9 0 0 1.5 0
 242 0 0 1.5 0
 242.1 0 0 1.5 0
 242.2 0 0 1.5 0
 242.3 0 0 1.5 0
 242.4 0 0 1.5 0
 242.5 0 0 1.5 0
 242.6 0 0 1.5 0
 242.7 0 0 1.5 0
 242.8 0 0 1.5 0
 242.9 0 0 1.5 0
 243 0 0 1.5 0
 243.1 0 0 1.5 0
 243.2 0 0 1.5 0
 243.3 0 0 1.5 0
 243.4 0 0 1.5 0
 243.5 0 0 1.5 0
 243.6 0 0 1.5 0
 243.7 0 0 1.5 0
 243.8 0 0 1.5 0
 243.9 0 0 1.5 0
 244 0 0 1.5 0
 244.1 0 0 1.5 0
 244.2 0 0 1.5 0
 244.3 0 0 1.5 0
 244.4 0 0 1.5 0
 244.5 0 0 1.5 0
 244.6 0 0 1.5 0
 244.7 0 0 1.5 0
 244.8 0 0 1.5 0
 244.9 0 0 1.5 0
 245 0 0 1.5 0
 245.1 0 0 1.5 0
 245.2 0 0 1.5 0
 245.3 0 0 1.5 0
 245.4 0 0 1.5 0
 245.5 0 0 1.5 0
 245.6 0 0 1.5 0
 245.7 0 0 1.5 0
 245.8 0 0 1.5 0
 245.9 0 0 1.5 0
 246 0 0 1.5 0
 246.1 0 0 1.5 0
 246.2 0 0 1.5 0
 246.3 0 0 1.5 0
 246.4 0 0 1.5 0
 246.5 0 0 1.5 0
 246.6 0 0 1.5 0
 246.7 0 0 1.5 0
 246.8 0 0 1.5 0
 246.9 0 0 1.5 0
 247 0 0 1.5 0
 247.1 0 0 1.5 0
 247.2 0 0 1.5 0
 247.3 0 0 1.5 0
 247.4 0 0 1.5 0
 247.5 0 0 1.5 0
 247.6 0 0 1.5 0
 247.7 0 0 1.5 0
 247.8 0 0 1.5 0
 247.9 0 0 1.5 0
 248 0 0 1.5 0
 248.1 0 0 1.5 0
 248.2 0 0 1.5 0
 248.3 0 0 1.5 0
 248.4 0 0 1.5 0
 248.5 0 0 1.5 0
 248.6 0 0 1.5 0
 248.7 0 0 1.5 0
 248.8 0 0 1.5 0
 248.9 0 0 1.5 0
 249 0 0 1.5 0
 249.1 0 0 1.5 0
 249.2 0 0 1.5 0
 249.3 0 0 1.5 0
 249.4 0 0 1.5 0
 249.5 0 0 1.5 0
 249.6 0 0 1.5 0
 249.7 0 0 1.5 0
 249.8 0 0 1.5 0
 249.9 0 0 1.5 0
 250 0 0 1.5 0
 250.1 0 0 1.5 0
 250.2 0 0 1.5 0
 250.3 0 0 1.5 0
 250.4 0 0 1.5 0
 250.5 0 0 1.5 0
 250.6 0 0 1.5 0
 250.7 0 0 1.5 0
 250.8 0 0 1.5 0
 250.9 0 0 1.5 0
 251 0 0 1.5 0
 251.1 0 0 1.5 0
 251.2 0 0 1.5 0
 251.3 0 0 1.5 0
 251.4 0 0 1.5 0
 251.5 0 0 1.5 0
 251.6 0 0 1.5 0
 251.7 0 0 1.5 0
 251.8 0 0 1.5 0
 251.9 0 0 1.5 0
 252 0 0 1.5 0
 252.1 0 0 1.5 0
 252.2 0 0 1.5 0
 252.3 0 0 1.5 0
 252.4 0 0 1.5 0
 252.5 0 0 1.5 0
 252.6 0 0 1.5 0
 252.7 0 0 1.5 0
 252.8 0 0 1.5 0
 252.9 0 0 1.5 0
 253 0 0 1.5 0
 253.1 0 0 1.5 0
 253.2 0 0 1.5 0
 253.3 0 0 1.5 0
 253.4 0 0 1.5 0
 253.5 0 0 1.5 0
 253.6 0 0 1.5 0
 253.7 0 0 1.5 0
 253.8 0 0 1.5 0
 253.9 0 0 1.5 0
 254 0 0 1.5 0
 254.1 0 0 1.5 0
 254.2 0 0 1.5 0
 254.3 0 0 1.5 0
 254.4 0 0 1.5 0
 254.5 0 0 1.5 0
 254.6 0 0 1.5 0
 254.7 0 0 1.5 0
 254.8 0 0 1.5 0
 254.9 0 0 1.5 0
 255 0 0 1.5 0
 255.1 0 0 1.5 0
 255.2 0 0 1.5 0
 255.3 0 0 1.5 0
 255.4 0 0 1.5 0
 255.5 0 0 1.5 0
 255.6 0 0 1.5 0
 255.7 0 0 1.5 0
 255.8 0 0 1.5 0
 255.9 0 0 1.5 0
 256 0 0 1.5 0
 256.1 0 0 1.5 0
 256.2 0 0 1.5 0
 256.3 0 0 1.5 0
 256.4 0 0 1.5 0
 256.5 0 0 1.5 0
 256.6 0 0 1.5 0
 256.7 0 0 1.5 0
 256.8 0 0 1.5 0
 256.9 0 0 1.5 0
 257 0 0 1.5 0
 257.1 0 0 1.5 0
 257.2 0 0 1.5 0
 257.3 0 0 1.5 0
 257.4 0 0 1.5 0
 257.5 0 0 1.5 0
 257.6 0 0 1.5 0
 257.7 0 0 1.5 0
 257.8 0 0 1.5 0
 257.9 0 0 1.5 0
 258 0 0 1.5 0
 258.1 0 0 1.5 0
 258.2 0 0 1.5 0
 258.3 0 0 1.5 0
 258.4 0 0 1.5 0
 258.5 0 0 1.5 0
 258.6 0 0 1.5 0
 258.7 0 0 1.5 0
 258.8 0 0 1.5 0
 258.9 0 0 1.5 0
 259 0 0 1.5 0
 259.1 0 0 1.5 0
 259.2 0 0 1.5 0
 259.3 0 0 1.5 0
 259.4 0 0 1.5 0
 259.5 0 0 1.5 0
 259.6 0 0 1.5 0
 259.7 0 0 1.5 0
 259.8 0 0 1.5 0
 259.9 0 0 1.5 0
 260 0 0 1.5 0
 260.1 0 0 1.5 0
 260.2 0 0 1.5 0
 260.3 0 0 1.5 0
 260.4 0 0 1.5 0
 260.5 0 0 1.5 0
 260.6 0 0 1.5 0
 260.7 0 0 1.5 0
 260.8 0 0 1.5 0
 260.9 0 0 1.5 0
 261 0 0 1.5 0
 261.1 0 0 1.5 0
 261.2 0 0 1.5 0
 261.3 0 0 1.5 0
 261.4 0 0 1.5 0
 261.5 0 0 1.5 0
 261.6 0 0 1.5 0
 261.7 0 0 1.5 0
 261.8 0 0 1.5 0
 261.9 0 0 1.5 0
 262 0 0 1.5 0
 262.1 0 0 1.5 0
 262.2 0 0 1.5 0
 262.3 0 0 1.5 0
 262.4 0 0 1.5 0
 262.5 0 0 1.5 0
 262.6 0 0 1.5 0
 262.7 0 0 1.5 0
 262.8 0 0 1.5 0
 262.9 0 0 1.5 0
 263 0 0 1.5 0
 263.1 0 0 1.5 0
 263.2 0 0 1.5 0
 263.3 0 0 1.5 0
 263.4 0 0 1.5 0
 263.5 0 0 1.5 0
 263.6 0 0 1.5 0
 263.7 0 0 1.5 0
 263.8 0 0 1.5 0
 263.9 0 0 1.5 0
 264 0 0 1.5 0
 264.1 0 0 1.5 0
 264.2 0 0 1.5 0
 264.3 0 0 1.5 0
 264.4 0 0 1.5 0
 264.5 0 0 1.5 0
 264.6 0 0 1.5 0
 264.7 0 0 1.5 0
 264.8 0 0 1.5 0
 264.9 0 0 1.5 0
 265 0 0 1.5 0
 265.1 0 0 1.5 0
 265.2 0 0 1.5 0
 265.3 0 0 1.5 0
 265.4 0 0 1.5 0
 265.5 0 0 1.5 0
 265.6 0 0 1.5 0
 265.7 0 0 1.5 0
 265.8 0 0 1.5 0
 265.9 0 0 1.5 0
 266 0 0 1.5 0
 266.1 0 0 1.5 0
 266.2 0 0 1.5 0
 266.3 0 0 1.5 0
 266.4 0 0 1.5 0
 266.5 0 0 1.5 0
 266.6 0 0 1.5 0
 266.7 0 0 1.5 0
 266.8 0 0 1.5 0
 266.9 0 0 1.5 0
 267 0 0 1.5 0
 267.1 0 0 1.5 0
 267.2 0 0 1.5 0
 267.3 0 0 1.5 0
 267.4 0 0 1.5 0
 267.5 0 0 1.5 0
 267.6 0 0 1.5 0
 267.7 0 0 1.5 0
 267.8 0 0 1.5 0
 267.9 0 0 1.5 0
 268 0 0 1.5 0
 268.1 0 0 1.5 0
 268.2 0 0 1.5 0
 268.3 0 0 1.5 0
 268.4 0 0 1.5 0
 268.5 0 0 1.5 0
 268.6 0 0 1.5 0
 268.7 0 0 1.5 0
 268.8 0 0 1.5 0
 268.9 0 0 1.5 0
 269 0 0 1.5 0
 269.1 0 0 1.5 0
 269.2 0 0 1.5 0
 269.3 0 0 1.5 0
 269.4 0 0 1.5 0
 269.5 0 0 1.5 0
 269.6 0 0 1.5 0
 269.7 0 0 1.5 0
 269.8 0 0 1.5 0
 269.9 0 0 1.5 0
 270 0 0 1.5 0
 270.1 0 0 1.5 0
 270.2 0 0 1.5 0
 270.3 0 0 1.5 0
 270.4 0 0 1.5 0
 270.5 0 0 1.5 0
 270.6 0 0 1.5 0
 270.7 0 0 1.5 0
 270.8 0 0 1.5 0
 270.9 0 0 1.5 0
 271 0 0 1.5 0
 271.1 0 0 1.5 0
 271.2 0 0 1.5 0
 271.3 0 0 1.5 0
 271.4 0 0 1.5 0
 271.5 0 0 1.5 0
 271.6 0 0 1.5 0
 271.7 0 0 1.5 0
 271.8 0 0 1.5 0
 271.9 0 0 1.5 0
 272 0 0 1.5 0
 272.1 0 0 1.5 0
 272.2 0 0 1.5 0
 272.3 0 0 1.5 0
 272.4 0 0 1.5 0
 272.5 0 0 1.5 0
 272.6 0 0 1.5 0
 272.7 0 0 1.5 0
 272.8 0 0 1.5 0
 272.9 0 0 1.5 0
 273 0 0 1.5 0
 273.1 0 0 1.5 0
 273.2 0 0 1.5 0
 273.3 0 0 1.5 0
 273.4 0 0 1.5 0
 273.5 0 0 1.5 0
 273.6 0 0 1.5 0
 273.7 0 0 1.5 0
 273.8 0 0 1.5 0
 273.9 0 0 1.5 0
 274 0 0 1.5 0
 274.1 0 0 1.5 0
 274.2 0 0 1.5 0
 274.3 0 0 1.5 0
 274.4 0 0 1.5 0
 274.5 0 0 1.5 0
 274.6 0 0 1.5 0
 274.7 0 0 1.5 0
 274.8 0 0 1.5 0
 274.9 0 0 1.5 0
 275 0 0 1.5 0
 275.1 0 0 1.5 0
 275.2 0 0 1.5 0
 275.3 0 0 1.5 0
 275.4 0 0 1.5 0
 275.5 0 0 1.5 0
 275.6 0 0 1.5 0
 275.7 0 0 1.5 0
 275.8 0 0 1.5 0
 275.9 0 0 1.5 0
 276 0 0 1.5 0
 276.1 0 0 1.5 0
 276.2 0 0 1.5 0
 276.3 0 0 1.5 0
 276.4 0 0 1.5 0
 276.5 0 0 1.5 0
 276.6 0 0 1.5 0
 276.7 0 0 1.5 0
 276.8 0 0 1.5 0
 276.9 0 0 1.5 0
 277 0 0 1.5 0
 277.1 0 0 1.5 0
 277.2 0 0 1.5 0
 277.3 0 0 1.5 0
 277.4 0 0 1.5 0
 277.5 0 0 1.5 0
 277.6 0 0 1.5 0
 277.7 0 0 1.5 0
 277.8 0 0 1.5 0
 277.9 0 0 1.5 0
 278 0 0 1.5 0
 278.1 0 0 1.5 0
 278.2 0 0 1.5 0
 278.3 0 0 1.5 0
 278.4 0 0 1.5 0
 278.5 0 0 1.5 0
 278.6 0 0 1.5 0
 278.7 0 0 1.5 0
 278.8 0 0 1.5 0
 278.9 0 0 1.5 0
 279 0 0 1.5 0
 279.1 0 0 1.5 0
 279.2 0 0 1.5 0
 279.3 0 0 1.5 0
 279.4 0 0 1.5 0
 279.5 0 0 1.5 0
 279.6 0 0 1.5 0
 279.7 0 0 1.5 0
 279.8 0 0 1.5 0
 279.9 0 0 1.5 0
 280 0 0 1.5 0
 280.1 0 0 1.5 0
 280.2 0 0 1.5 0
 280.3 0 0 1.5 0
 280.4 0 0 1.5 0
 280.5 0 0 1.5 0
 280.6 0 0 1.5 0
 280.7 0 0 1.5 0
 280.8 0 0 1.5 0
 280.9 0 0 1.5 0
 281 0 0 1.5 0
 281.1 0 0 1.5 0
 281.2 0 0 1.5 0
 281.3 0 0 1.5 0
 281.4 0 0 1.5 0
 281.5 0 0 1.5 0
 281.6 0 0 1.5 0
 281.7 0 0 1.5 0
 281.8 0 0 1.5 0
 281.9 0 0 1.5 0
 282 0 0 1.5 0
 282.1 0 0 1.5 0
 282.2 0 0 1.5 0
 282.3 0 0 1.5 0
 282.4 0 0 1.5 0
 282.5 0 0 1.5 0
 282.6 0 0 1.5 0
 282.7 0 0 1.5 0
 282.8 0 0 1.5 0
 282.9 0 0 1.5 0
 283 0 0 1.5 0
 283.1 0 0 1.5 0
 283.2 0 0 1.5 0
 283.3 0 0 1.5 0
 283.4 0 0 1.5 0
 283.5 0 0 1.5 0
 283.6 0 0 1.5 0
 283.7 0 0 1.5 0
 283.8 0 0 1.5 0
 283.9 0 0 1.5 0
 284 0 0 1.5 0
 284.1 0 0 1.5 0
 284.2 0 0 1.5 0
 284.3 0 0 1.5 0
 284.4 0 0 1.5 0
 284.5 0 0 1.5 0
 284.6 0 0 1.5 0
 284.7 0 0 1.5 0
 284.8 0 0 1.5 0
 284.9 0 0 1.5 0
 285 0 0 1.5 0
 285.1 0 0 1.5 0
 285.2 0 0 1.5 0
 285.3 0 0 1.5 0
 285.4 0 0 1.5 0
 285.5 0 0 1.5 0
 285.6 0 0 1.5 0
 285.7 0 0 1.5 0
 285.8 0 0 1.5 0
 285.9 0 0 1.5 0
 286 0 0 1.5 0
 286.1 0 0 1.5 0
 286.2 0 0 1.5 0
 286.3 0 0 1.5 0
 286.4 0 0 1.5 0
 286.5 0 0 1.5 0
 286.6 0 0 1.5 0
 286.7 0 0 1.5 0
 286.8 0 0 1.5 0
 286.9 0 0 1.5 0
 287 0 0 1.5 0
 287.1 0 0 1.5 0
 287.2 0 0 1.5 0
 287.3 0 0 1.5 0
 287.4 0 0 1.5 0
 287.5 0 0 1.5 0
 287.6 0 0 1.5 0
 287.7 0 0 1.5 0
 287.8 0 0 1.5 0
 287.9 0 0 1.5 0
 288 0 0 1.5 0
 288.1 0 0 1.5 0
 288.2 0 0 1.5 0
 288.3 0 0 1.5 0
 288.4 0 0 1.5 0
 288.5 0 0 1.5 0
 288.6 0 0 1.5 0
 288.7 0 0 1.5 0
 288.8 0 0 1.5 0
 288.9 0 0 1.5 0
 289 0 0 1.5 0
 289.1 0 0 1.5 0
 289.2 0 0 1.5 0
 289.3 0 0 1.5 0
 289.4 0 0 1.5 0
 289.5 0 0 1.5 0
 289.6 0 0 1.5 0
 289.7 0 0 1.5 0
 289.8 0 0 1.5 0
 289.9 0 0 1.5 0
 290 0 0 1.5 0
 290.1 0 0 1.5 0
 290.2 0 0 1.5 0
 290.3 0 0 1.5 0
 290.4 0 0 1.5 0
 290.5 0 0 1.5 0
 290.6 0 0 1.5 0
 290.7 0 0 1.5 0
 290.8 0 0 1.5 0
 290.9 0 0 1.5 0
 291 0 0 1.5 0
 291.1 0 0 1.5 0
 291.2 0 0 1.5 0
 291.3 0 0 1.5 0
 291.4 0 0 1.5 0
 291.5 0 0 1.5 0
 291.6 0 0 1.5 0
 291.7 0 0 1.5 0
 291.8 0 0 1.5 0
 291.9 0 0 1.5 0
 292 0 0 1.5 0
 292.1 0 0 1.5 0
 292.2 0 0 1.5 0
 292.3 0 0 1.5 0
 292.4 0 0 1.5 0
 292.5 0 0 1.5 0
 292.6 0 0 1.5 0
 292.7 0 0 1.5 0
 292.8 0 0 1.5 0
 292.9 0 0 1.5 0
 293 0 0 1.5 0
 293.1 0 0 1.5 0
 293.2 0 0 1.5 0
 293.3 0 0 1.5 0
 293.4 0 0 1.5 0
 293.5 0 0 1.5 0
 293.6 0 0 1.5 0
 293.7 0 0 1.5 0
 293.8 0 0 1.5 0
 293.9 0 0 1.5 0
 294 0 0 1.5 0
 294.1 0 0 1.5 0
 294.2 0 0 1.5 0
 294.3 0 0 1.5 0
 294.4 0 0 1.5 0
 294.5 0 0 1.5 0
 294.6 0 0 1.5 0
 294.7 0 0 1.5 0
 294.8 0 0 1.5 0
 294.9 0 0 1.5 0
 295 0 0 1.5 0
 295.1 0 0 1.5 0
 295.2 0 0 1.5 0
 295.3 0 0 1.5 0
 295.4 0 0 1.5 0
 295.5 0 0 1.5 0
 295.6 0 0 1.5 0
 295.7 0 0 1.5 0
 295.8 0 0 1.5 0
 295.9 0 0 1.5 0
 296 0 0 1.5 0
 296.1 0 0 1.5 0
 296.2 0 0 1.5 0
 296.3 0 0 1.5 0
 296.4 0 0 1.5 0
 296.5 0 0 1.5 0
 296.6 0 0 1.5 0
 296.7 0 0 1.5 0
 296.8 0 0 1.5 0
 296.9 0 0 1.5 0
 297 0 0 1.5 0
 297.1 0 0 1.5 0
 297.2 0 0 1.5 0
 297.3 0 0 1.5 0
 297.4 0 0 1.5 0
 297.5 0 0 1.5 0
 297.6 0 0 1.5 0
 297.7 0 0 1.5 0
 297.8 0 0 1.5 0
 297.9 0 0 1.5 0
 298 0 0 1.5 0
 298.1 0 0 1.5 0
 298.2 0 0 1.5 0
 298.3 0 0 1.5 0
 298.4 0 0 1.5 0
 298.5 0 0 1.5 0
 298.6 0 0 1.5 0
 298.7 0 0 1.5 0
 298.8 0 0 1.5 0
 298.9 0 0 1.5 0
 299 0 0 1.5 0
 299.1 0 0 1.5 0
 299.2 0 0 1.5 0
 299.3 0 0 1.5 0
 299.4 0 0 1.5 0
 299.5 0 0 1.5 0
 299.6 0 0 1.5 0
 299.7 0 0 1.5 0
 299.8 0 0 1.5 0
 299.9 0 0 1.5 0
 300 0 0 1.5 0
